node_id,lat,lon,type,area,price_dp,geometry
12TH_S_LNODENMZ,37.63715677998629,-120.99316020050249,LOAD,BANC,47.68172,POINT (-120.99316020050249 37.63715677998629)
12TH_S_LNODEXWQ,37.63715677998629,-120.99327439949751,LOAD,BANC,47.68172,POINT (-120.99327439949751 37.63715677998629)
8TH_ST_LNODEBXG,37.64197726998626,-121.00603849646912,LOAD,BANC,47.67214,POINT (-121.00603849646912 37.64197726998626)
8TH_ST_LNODELZF,37.64197726998626,-121.00615270353089,LOAD,BANC,47.67214,POINT (-121.00615270353089 37.64197726998626)
AEC300_1_N001,37.74,-121.48,LOAD,CA,47.05899,POINT (-121.48 37.74)
AGNEW_1_N003,37.51,-121.84,LOAD,CA,48.99542,POINT (-121.84 37.51)
AIRPROD_1_N001,36.65,-119.54,LOAD,CA,50.91511,POINT (-119.54 36.65)
AIR_SUB_LNODENAA,33.96205409081493,-118.376,LOAD,LADWP,46.762,POINT (-118.376 33.96205409081493)
AIR_SUB_LNODENAB,33.961972954579615,-118.37594352117388,LOAD,LADWP,46.762,POINT (-118.37594352117388 33.961972954579615)
AIR_SUB_LNODEONC,33.961972954579615,-118.37605647882611,LOAD,LADWP,46.762,POINT (-118.37605647882611 33.961972954579615)
ALAMITOS_2_N001,33.771584,-118.100596,LOAD,CA,47.66256,POINT (-118.100596 33.771584)
ALAMITOS_2_N040,33.77,-118.1,LOAD,CA,47.66256,POINT (-118.1 33.77)
ALAMT1G_7_N002,33.77149401717401,-118.1004877514908,LOAD,CA,47.66256,POINT (-118.1004877514908 33.77149401717401)
ALAMT2G_7_N002,33.771415173499584,-118.10067098425147,LOAD,CA,47.66256,POINT (-118.10067098425147 33.771415173499584)
ALAMT3G_7_N002,33.77144633917227,-118.10077253262283,LOAD,CA,47.66256,POINT (-118.10077253262283 33.77144633917227)
ALAMT4G_7_N002,33.771511965310076,-118.10084659342048,LOAD,CA,47.66256,POINT (-118.10084659342048 33.771511965310076)
ALAMT5G_7_N002,33.771597006833865,-118.1008819712055,LOAD,CA,47.66256,POINT (-118.1008819712055 33.771597006833865)
ALAMT6G_7_N002,33.77176916262267,-118.10083231072662,LOAD,CA,47.66256,POINT (-118.10083231072662 33.77176916262267)
ALHAMBRA_1_N001,37.99408499998608,-122.13031167024367,LOAD,CA,47.07386,POINT (-122.13031167024367 37.99408499998608)
ALHAMBRA_1_N002,37.99408499998608,-122.13042632975633,LOAD,CA,47.07386,POINT (-122.13042632975633 37.99408499998608)
ALLEGHNY_6_N001,39.464893,-120.844946,LOAD,CA,47.07336,POINT (-120.844946 39.464893)
ALMADEN_6_N001,37.26027,-121.890082,LOAD,CA,49.03447,POINT (-121.890082 37.26027)
ALMOND_LNODEAUX,37.574202045609525,-120.98511610244,LOAD,TIDC,47.47095,POINT (-120.98511610244 37.574202045609525)
ALPAUGH_7_N002,35.963463732836644,-119.456796,LOAD,CA,47.13085,POINT (-119.456796 35.963463732836644)
ALPINE_6_N001,32.82778299998866,-116.78987271391081,LOAD,CA,47.4949,POINT (-116.78987271391081 32.82778299998866)
ALPINE_6_N005,32.82778299998866,-116.78997928608918,LOAD,CA,47.4949,POINT (-116.78997928608918 32.82778299998866)
ALTO_6_N001,37.89825299998615,-122.52430271885964,LOAD,CA,47.97226,POINT (-122.52430271885964 37.89825299998615)
ALTO_6_N101,37.89825299998615,-122.52441728114036,LOAD,CA,47.97226,POINT (-122.52441728114036 37.89825299998615)
ALTTA_BP_LNODEPRT,41.51205899998436,-120.5236838478691,LOAD,BPAT,46.30693,POINT (-120.5236838478691 41.51205899998436)
ALTTA_BP_LNODETON,41.51205899998436,-120.5238041521309,LOAD,BPAT,46.30693,POINT (-120.5238041521309 41.51205899998436)
AMERIGAS_1_N001,38.43,-121.79,LOAD,CA,47.08294,POINT (-121.79 38.43)
AMESBS_1_N004,37.41751022008469,-122.066192,LOAD,CA,48.46395,POINT (-122.066192 37.41751022008469)
AMESBS_1_N101,37.41742888994297,-122.06613287861066,LOAD,CA,48.46395,POINT (-122.06613287861066 37.41742888994297)
AMESDST_1_N001,37.41742888994297,-122.06625112138934,LOAD,CA,48.46395,POINT (-122.06625112138934 37.41742888994297)
AMFORST_6_N001,38.369191999986,-120.79657754861613,LOAD,CA,47.70567,POINT (-120.79657754861613 38.369191999986)
ANDERSON_6_N001,40.449838,-122.305068,LOAD,CA,46.86739,POINT (-122.305068 40.449838)
ANGIOLA_6_N001,35.992007,-119.57137,LOAD,CA,53.41081,POINT (-119.57137 35.992007)
ANITA_6_N001,39.811047,-121.919761,LOAD,CA,47.70088,POINT (-121.919761 39.811047)
ANNAPOLS_6_N001,38.680315,-123.311782,LOAD,CA,47.83789,POINT (-123.311782 38.680315)
ANTELOPE_6_N001,35.658117,-119.996015,LOAD,CA,47.1548,POINT (-119.996015 35.658117)
ANTLER_6_N001,40.893581,-122.379244,LOAD,CA,46.69015,POINT (-122.379244 40.893581)
APPLEHL_1_N001,38.73992576174639,-120.67700091995808,LOAD,CA,47.18833,POINT (-120.67700091995808 38.73992576174639)
APPLEHL_1_N002,38.73974623814083,-120.67700092024737,LOAD,CA,47.18833,POINT (-120.67700092024737 38.73974623814083)
APPMAT_1_N001,37.359999999986435,-121.97994317305394,LOAD,CA,48.61712,POINT (-121.97994317305394 37.359999999986435)
APPMAT_1_N010,37.359999999986435,-121.98005682694607,LOAD,CA,48.61712,POINT (-121.98005682694607 37.359999999986435)
ARBUCKLE_6_N001,39.017625,-122.061575,LOAD,CA,46.53686,POINT (-122.061575 39.017625)
ARCATA_6_N001,40.867132,-124.088286,LOAD,CA,45.22913,POINT (-124.088286 40.867132)
ARVINED_1_N001,35.15044599998752,-118.87870286987292,LOAD,CA,47.06857,POINT (-118.87870286987292 35.15044599998752)
ARVIN_6_N001,35.15044599998752,-118.87881313012709,LOAD,CA,51.57,POINT (-118.87881313012709 35.15044599998752)
ASHLAN_2_N001,36.79263892472445,-119.82749,LOAD,CA,50.72829,POINT (-119.82749 36.79263892472445)
ASHLAN_2_N007,36.7925580376235,-119.82743168375806,LOAD,CA,50.72829,POINT (-119.82743168375806 36.7925580376235)
ASHLAN_2_N008,36.7925580376235,-119.82754831624194,LOAD,CA,50.72829,POINT (-119.82754831624194 36.7925580376235)
ASH_6_N001,33.1365697302963,-117.070292,LOAD,CA,47.41826,POINT (-117.070292 33.1365697302963)
ASH_6_N005,33.13648913483958,-117.0702364310647,LOAD,CA,47.41826,POINT (-117.0702364310647 33.13648913483958)
ASH_6_N101,33.13648913483958,-117.07034756893529,LOAD,CA,47.41826,POINT (-117.07034756893529 33.13648913483958)
ASPEN_LNODESPEN,37.69337956,-122.069288,LOAD,PNM,45.55008,POINT (-122.069288 37.69337956)
ATASCDRO_6_N001,35.465309,-120.671582,LOAD,CA,47.80627,POINT (-120.671582 35.465309)
ATWATER_1_B2,37.35999599998639,-120.6146481730584,LOAD,CA,51.8013,POINT (-120.6146481730584 37.35999599998639)
ATWATER_1_N001,37.35999599998639,-120.6147618269416,LOAD,CA,51.8013,POINT (-120.6147618269416 37.35999599998639)
ATW_SUB_LNODEONB,34.1096541600031,-118.254,LOAD,LADWP,46.762,POINT (-118.254 34.1096541600031)
ATW_SUB_LNODEONC,34.10957291998536,-118.25394335044959,LOAD,LADWP,46.762,POINT (-118.25394335044959 34.10957291998536)
ATW_SUB_LNODEOND,34.10957291998536,-118.2540566495504,LOAD,LADWP,46.762,POINT (-118.2540566495504 34.10957291998536)
AUBERRY_6_N001,37.06806099998665,-119.495719527536,LOAD,CA,51.28875,POINT (-119.495719527536 37.06806099998665)
AUBERRY_6_N003,37.06806099998665,-119.495832472464,LOAD,CA,51.28875,POINT (-119.495832472464 37.06806099998665)
AUBURN_6_N001,38.903397,-121.069921,LOAD,CA,46.83385,POINT (-121.069921 38.903397)
AUGUST_LNODEDR1,37.4182520696912,-120.831252690486,LOAD,TIDC,47.48053,POINT (-120.831252690486 37.4182520696912)
AUGUST_LNODEDR3,37.4182452743243,-120.831131410372,LOAD,TIDC,47.48053,POINT (-120.831131410372 37.4182452743243)
AUGUST_LNODEDR4,37.4182458785436,-120.830989786937,LOAD,TIDC,47.47574,POINT (-120.830989786937 37.4182458785436)
AUGUST_LNODEDR5,37.4182557186304,-120.831363604619,LOAD,TIDC,47.48053,POINT (-120.831363604619 37.4182557186304)
AVENA_1_N001,37.842208,-121.054122,LOAD,CA,46.33088,POINT (-121.054122 37.842208)
AVOCADO_6_N001,33.38466699998843,-117.23692330729693,LOAD,CA,48.39067,POINT (-117.23692330729693 33.38466699998843)
AVOCADO_6_N002,33.38466699998843,-117.23703069270306,LOAD,CA,48.39067,POINT (-117.23703069270306 33.38466699998843)
BAFOOD1_6_N001,36.33,-121.16,LOAD,CA,47.79669,POINT (-121.16 36.33)
BAHIA_2_N001,38.08095331088854,-122.13739126700075,LOAD,CA,47.60029,POINT (-122.13739126700075 38.08095331088854)
BAHIA_2_N011,38.08077268899996,-122.13739126728416,LOAD,CA,47.60029,POINT (-122.13739126728416 38.08077268899996)
BAILYJ1_1_N010,34.77604,-118.77504,LOAD,CA,47.74399,POINT (-118.77504 34.77604)
BAIR_1_N001,37.496937,-122.214157,LOAD,CA,48.60623,POINT (-122.214157 37.496937)
BAKER_1_N001,35.284771,-116.064256,LOAD,CA,46.92008,POINT (-116.064256 35.284771)
BALFOUR_6_N001,37.92596,-121.678546,LOAD,CA,47.33204,POINT (-121.678546 37.92596)
BANGOR_6_N001,39.388064,-121.402937,LOAD,CA,46.86739,POINT (-121.402937 39.388064)
BANGS_LNODEKGC,37.70469,-121.0418,LOAD,BANC,47.73441,POINT (-121.0418 37.70469)
BANNING_1_N001,33.922289,-116.87283,LOAD,CA,47.40868,POINT (-116.87283 33.922289)
BANTA_6_N001,37.7528989999862,-121.35057581075783,LOAD,CA,47.33204,POINT (-121.35057581075783 37.7528989999862)
BARRETT_6_N001,32.667194,-116.700208,LOAD,CA,47.37994,POINT (-116.700208 32.667194)
BARRE_6_N001,33.80900298319592,-117.98332966316445,LOAD,CA,47.63382,POINT (-117.98332966316445 33.80900298319592)
BARRE_6_N002,33.80900298319592,-117.98354633683554,LOAD,CA,47.63382,POINT (-117.98354633683554 33.80900298319592)
BARRE_6_N003,33.80918301670945,-117.9835463370635,LOAD,CA,47.62903,POINT (-117.9835463370635 33.80918301670945)
BARRY_6_N001,39.069323,-121.690208,LOAD,CA,47.06378,POINT (-121.690208 39.069323)
BARTON_1_N001,36.76408490976673,-119.735935,LOAD,CA,50.85284,POINT (-119.735935 36.76408490976673)
BARTON_1_N007,36.76400404510246,-119.73587672164825,LOAD,CA,50.85284,POINT (-119.73587672164825 36.76400404510246)
BARTON_1_N008,36.76400404510246,-119.73599327835174,LOAD,CA,50.85284,POINT (-119.73599327835174 36.76400404510246)
BASALT_6_N002,38.26328599998595,-122.26916657483297,LOAD,CA,47.13564,POINT (-122.26916657483297 38.26328599998595)
BASALT_6_N101,38.26328599998595,-122.26928142516702,LOAD,CA,47.13564,POINT (-122.26928142516702 38.26328599998595)
BATAVIA_6_N001,38.385820999985995,-121.77570654480984,LOAD,CA,47.16917,POINT (-121.77570654480984 38.385820999985995)
BATIQTOS_1_N001,33.1011727252775,-117.250399,LOAD,CA,47.61466,POINT (-117.250399 33.1011727252775)
BATIQTOS_1_N008,33.101092137348985,-117.25034345864424,LOAD,CA,47.61466,POINT (-117.25034345864424 33.101092137348985)
BATIQTOS_1_N015,33.101092137348985,-117.25045454135577,LOAD,CA,47.61466,POINT (-117.25045454135577 33.101092137348985)
BAYMDWS_1_N001,37.55162541726735,-122.29307795256243,LOAD,CA,48.2805,POINT (-122.29307795256243 37.55162541726735)
BAYMDWS_1_N004,37.551444582623034,-122.29307795283914,LOAD,CA,48.2805,POINT (-122.29307795283914 37.551444582623034)
BAYMDWS_1_N008,37.551444582623034,-122.29330604716085,LOAD,CA,48.2805,POINT (-122.29330604716085 37.551444582623034)
BAYMDWS_1_N012,37.55162541726735,-122.29330604743757,LOAD,CA,48.2805,POINT (-122.29330604743757 37.55162541726735)
BAYSHOR1_1_N001,37.74603599998622,-122.40302381566526,LOAD,CA,48.59665,POINT (-122.40302381566526 37.74603599998622)
BAYSHOR2_1_N001,37.74603599998622,-122.40313818433472,LOAD,CA,48.59665,POINT (-122.40313818433472 37.74603599998622)
BAYWOOD_6_N001,35.360177,-120.811564,LOAD,CA,48.07452,POINT (-120.811564 35.360177)
BCN_PP_LNODESS1,35.25680070871138,-118.02736892630813,LOAD,LADWP,46.21592,POINT (-118.02736892630813 35.25680070871138)
BCN_PP_LNODESS2,35.256766720360744,-118.02726679027704,LOAD,LADWP,46.21592,POINT (-118.02726679027704 35.256766720360744)
BEARTAP_1_N001,35.38,-119.0,LOAD,CA,47.0542,POINT (-119 35.38)
BELLEF_7_CN10,39.776083,-122.10383,LOAD,CA,46.92966,POINT (-122.10383 39.776083)
BELLEF_7_CN11,39.77608299994151,-122.10371323062876,LOAD,CA,46.92966,POINT (-122.10371323062876 39.77608299994151)
BELLPGE_1_N001,38.947418999985814,-121.0911283822858,LOAD,CA,46.67099,POINT (-121.0911283822858 38.947418999985814)
BELLPGE_1_N005,38.947418999985814,-121.0912436177142,LOAD,CA,46.67099,POINT (-121.0912436177142 38.947418999985814)
BELLVUE_1_N001,38.379084046922976,-122.712022,LOAD,CA,47.09553,POINT (-122.712022 38.379084046922976)
BELLVUE_1_N003,38.37900297652332,-122.711962292445,LOAD,CA,47.09553,POINT (-122.711962292445 38.37900297652332)
BELLVUE_1_N005,38.37900297652332,-122.712081707555,LOAD,CA,47.09553,POINT (-122.712081707555 38.37900297652332)
BELMONT_1_N001,37.52332024549896,-122.264967,LOAD,CA,48.59665,POINT (-122.264967 37.52332024549896)
BELMONT_1_N006,37.52323887723573,-122.26490776711239,LOAD,CA,48.59665,POINT (-122.26490776711239 37.52323887723573)
BELMONT_1_N008,37.52323887723573,-122.26502623288762,LOAD,CA,48.59665,POINT (-122.26502623288762 37.52323887723573)
BELRIDGE_1_N001,35.455722,-119.631903,LOAD,CA,46.80511,POINT (-119.631903 35.455722)
BERESFRD_6_N001,37.565013999986284,-122.31923796388803,LOAD,CA,48.18948,POINT (-122.31923796388803 37.565013999986284)
BERESFRD_6_N002,37.565013999986284,-122.31935203611197,LOAD,CA,48.18948,POINT (-122.31935203611197 37.565013999986284)
BERNARDO_6_N001,33.021575,-117.096228,LOAD,CA,47.32725,POINT (-117.096228 33.021575)
BERNARDO_6_N002,33.021574999954524,-117.09612121988424,LOAD,CA,47.32725,POINT (-117.09612121988424 33.021574999954524)
BERNARDO_6_N009,33.02148546856512,-117.096228,LOAD,CA,47.32725,POINT (-117.096228 33.02148546856512)
BERNARDO_6_N013,33.021574999954524,-117.09633478011577,LOAD,CA,47.32725,POINT (-117.09633478011577 33.021574999954524)
BERNARDO_6_N014,33.0216645314348,-117.096228,LOAD,CA,47.32725,POINT (-117.096228 33.0216645314348)
BERNARDO_LNODEARDO,33.02157451,-117.0962277,LOAD,PNM,45.51655,POINT (-117.0962277 33.02157451)
BERVLLY_6_N001,37.586478,-120.125088,LOAD,CA,53.8563,POINT (-120.125088 37.586478)
BIGBASN_6_N001,37.129545,-122.172132,LOAD,CA,48.63221,POINT (-122.172132 37.129545)
BIGCRK1_7_N001,37.20203293082091,-119.24090286336467,LOAD,CA,47.80627,POINT (-119.24090286336467 37.20203293082091)
BIGMDWS_6_N001,40.171215,-121.085128,LOAD,CA,43.63879,POINT (-121.085128 40.171215)
BIGRIVR_6_N001,39.311461,-123.786522,LOAD,CA,52.31864,POINT (-123.786522 39.311461)
BIOLA_6_N001,36.792525,-120.114116,LOAD,CA,51.40371,POINT (-120.114116 36.792525)
BIXLER_6_N001,37.9370142319286,-121.528389,LOAD,CA,48.17032,POINT (-121.528389 37.9370142319286)
BKRSFLD_2_N001,35.388298999987455,-119.0044078374034,LOAD,CA,46.65662,POINT (-119.0044078374034 35.388298999987455)
BKRSFLD_2_N101,35.388298999987455,-119.0045181625966,LOAD,CA,46.65662,POINT (-119.0045181625966 35.388298999987455)
BLLEHVN_6_N001,37.4772652825887,-122.16793304841748,LOAD,CA,48.86011,POINT (-122.16793304841748 37.4772652825887)
BLLEHVN_6_N002,37.477186999945324,-122.16787609695427,LOAD,CA,48.86011,POINT (-122.16787609695427 37.477186999945324)
BLLEHVN_6_N004,37.477108717384,-122.1679330485368,LOAD,CA,48.86011,POINT (-122.1679330485368 37.477108717384)
BLLEHVN_6_N006,37.477108717384,-122.1680469514632,LOAD,CA,48.86011,POINT (-122.1680469514632 37.477108717384)
BLLEHVN_6_N007,37.477186999945324,-122.16810390304572,LOAD,CA,48.86011,POINT (-122.16810390304572 37.477186999945324)
BLUELKE_6_N001,40.88014,-123.980584,LOAD,CA,45.83749,POINT (-123.980584 40.88014)
BLUSTNPP_6_N003,38.575523,-121.497588,LOAD,CA,47.28413,POINT (-121.497588 38.575523)
BLYTHESC_1_N005,33.614957,-114.682935,LOAD,CA,45.9333,POINT (-114.682935 33.614957)
BNAVSTA_6_N001,36.653344,-121.62946,LOAD,CA,48.80742,POINT (-121.62946 36.653344)
BNAVSTA_6_N002,36.65334399994771,-121.62934811906177,LOAD,CA,48.80742,POINT (-121.62934811906177 36.65334399994771)
BNTACRB_6_N001,37.7528989999862,-121.35069018924217,LOAD,CA,47.53322,POINT (-121.35069018924217 37.7528989999862)
BOGARD_6_N001,40.586552,-121.093959,LOAD,CA,45.69378,POINT (-121.093959 40.586552)
BOGUE_1_N001,39.09613073444745,-121.623771,LOAD,CA,46.84822,POINT (-121.623771 39.09613073444745)
BOGUE_1_N201,39.096050132760894,-121.62371103865068,LOAD,CA,46.84822,POINT (-121.62371103865068 39.096050132760894)
BOLINAS_6_N001,37.941119,-122.707332,LOAD,CA,47.48365,POINT (-122.707332 37.941119)
BOLLMAN_1_N003,38.04,-121.98,LOAD,CA,46.92584,POINT (-121.98 38.04)
BOLTHSE_1_N009,35.36215899998747,-118.92362184077258,LOAD,CA,47.29371,POINT (-118.92362184077258 35.36215899998747)
BONITA_6_N001,36.967863,-120.20266,LOAD,CA,110.2,POINT (-120.20266 36.967863)
BONNIEN_7_N001,39.214314999985774,-120.80917722077704,LOAD,CA,45.61235,POINT (-120.80917722077704 39.214314999985774)
BORDEN_2_N007,36.92227399998671,-119.98422371699712,LOAD,CA,50.81931,POINT (-119.98422371699712 36.92227399998671)
BORDER_6_N001,32.56633480869927,-116.944389,LOAD,CA,47.51406,POINT (-116.944389 32.56633480869927)
BORDER_6_N008,32.566254095638485,-116.94433370647506,LOAD,CA,47.51406,POINT (-116.94433370647506 32.566254095638485)
BORONDA_6_N001,36.689983,-121.679239,LOAD,CA,48.50564,POINT (-121.679239 36.689983)
BOSWELL_6_N001,36.085115,-119.552823,LOAD,CA,53.41081,POINT (-119.552823 36.085115)
BOWLES_6_N001,36.605651,-119.773312,LOAD,CA,50.94385,POINT (-119.773312 36.605651)
BRDGVLT_7_N001,40.47956799998481,-123.78034162638289,LOAD,CA,44.42438,POINT (-123.78034162638289 40.47956799998481)
BREEZE_LNODEYT1,35.123880999987534,-118.37403687435777,LOAD,NV,45.84228,POINT (-118.37403687435777 35.123880999987534)
BREEZE_LNODEYT2,35.123880999987534,-118.37414712564222,LOAD,NV,45.84228,POINT (-118.37414712564222 35.123880999987534)
BRENTWOD_2_N001,37.91959423612686,-121.676423,LOAD,CA,47.2027,POINT (-121.676423 37.91959423612686)
BRENTWOD_2_N006,37.91951288192155,-121.67636345967551,LOAD,CA,47.2027,POINT (-121.67636345967551 37.91951288192155)
BRENTWOD_2_N011,37.91951288192155,-121.67648254032449,LOAD,CA,47.2027,POINT (-121.67648254032449 37.91951288192155)
BRGSMR_LNODEGZB,37.66621999998627,-120.97704287657282,LOAD,BANC,47.67693,POINT (-120.97704287657282 37.66621999998627)
BRGSMR_LNODETHU,37.66621999998627,-120.97715712342718,LOAD,BANC,47.67693,POINT (-120.97715712342718 37.66621999998627)
BRITTN_1_N001,37.37433620668406,-122.015575,LOAD,CA,48.60766,POINT (-122.015575 37.37433620668406)
BRITTN_1_N005,37.37425489664326,-122.01551592726007,LOAD,CA,48.60766,POINT (-122.01551592726007 37.37425489664326)
BRITTN_1_N006,37.37425489664326,-122.01563407273993,LOAD,CA,48.60766,POINT (-122.01563407273993 37.37425489664326)
BRKRSLG_1_N005,38.57552299994369,-121.49747300547165,LOAD,CA,47.83501,POINT (-121.49747300547165 38.57552299994369)
BROCKWAY_LNODE01,39.243063530935196,-120.02634939696748,LOAD,NV,45.75127,POINT (-120.02634939696748 39.243063530935196)
BROCKWAY_LNODE02,39.242884468950564,-120.02634939726258,LOAD,NV,45.75127,POINT (-120.02634939726258 39.242884468950564)
BROCKWAY_LNODE51,39.242884468950564,-120.02658060273741,LOAD,NV,45.75127,POINT (-120.02658060273741 39.242884468950564)
BROCKWAY_LNODE52,39.243063530935196,-120.02658060303253,LOAD,NV,45.75127,POINT (-120.02658060303253 39.243063530935196)
BRRNDAC_6_N001,35.658183,-120.040362,LOAD,CA,47.15001,POINT (-120.040362 35.658183)
BRUNSWCK_1_N003,39.23119771901711,-121.034946,LOAD,CA,45.97641,POINT (-121.034946 39.23119771901711)
BRUNSWCK_1_N008,39.23111714047599,-121.03488594065819,LOAD,CA,45.97641,POINT (-121.03488594065819 39.23111714047599)
BRUNSWCK_1_N101,39.23111714047599,-121.03500605934181,LOAD,CA,46.03868,POINT (-121.03500605934181 39.23111714047599)
BRWNSVY_6_N001,39.226226,-121.422634,LOAD,CA,47.02546,POINT (-121.422634 39.226226)
BUELLTON_1_N001,34.625261999987686,-120.18631205143852,LOAD,CA,48.97508,POINT (-120.18631205143852 34.625261999987686)
BUELLTON_1_N003,34.625261999987686,-120.18642194856149,LOAD,CA,48.97508,POINT (-120.18642194856149 34.625261999987686)
BUENAVS1_7_B1,36.653254242119594,-121.62934811919219,LOAD,CA,46.52436,POINT (-121.62934811919219 36.653254242119594)
BUENAVS1_7_B3,36.65319077379855,-121.6294272308971,LOAD,CA,46.52436,POINT (-121.6294272308971 36.65319077379855)
BUENAVS1_7_B4,36.653175595551595,-121.62953750035395,LOAD,CA,46.52436,POINT (-121.62953750035395 36.653175595551595)
BUENAVS1_7_B5,36.65320668330105,-121.62964245619625,LOAD,CA,46.52436,POINT (-121.62964245619625 36.65320668330105)
BUENAVS1_7_B6,36.653272145363964,-121.6297190021347,LOAD,CA,46.52436,POINT (-121.6297190021347 36.653272145363964)
BUENAVS1_7_B7,36.65335697428145,-121.62975556706088,LOAD,CA,46.52436,POINT (-121.62975556706088 36.65335697428145)
BUENAVS2_7_B1,36.65344659805961,-121.62974945473616,LOAD,CA,46.48704,POINT (-121.62974945473616 36.65344659805961)
BUENAVS2_7_B3,36.653528699704175,-121.62970424026268,LOAD,CA,46.48704,POINT (-121.62970424026268 36.653528699704175)
BUENAVS2_7_B4,36.653594014575496,-121.62962749889522,LOAD,CA,46.48704,POINT (-121.62962749889522 36.653594014575496)
BUENAVS2_7_B5,36.653636508590544,-121.62952895027708,LOAD,CA,46.48704,POINT (-121.62952895027708 36.653636508590544)
BULLARD_1_N001,36.824388,-119.769224,LOAD,CA,50.94864,POINT (-119.769224 36.824388)
BULLARD_1_N004,36.824387999947184,-119.76911168846675,LOAD,CA,50.94864,POINT (-119.76911168846675 36.824387999947184)
BULLARD_1_N005,36.824298097276774,-119.769224,LOAD,CA,50.94864,POINT (-119.769224 36.824298097276774)
BULLARD_1_N006,36.824387999947184,-119.76933631153325,LOAD,CA,50.94864,POINT (-119.76933631153325 36.824387999947184)
BURLNGME_1_N001,37.589627,-122.363434,LOAD,CA,48.21822,POINT (-122.363434 37.589627)
BUTTE_1_N010,39.7118129999855,-121.81325170045862,LOAD,CA,46.83385,POINT (-121.81325170045862 39.7118129999855)
BUTTE_1_N101,39.7118129999855,-121.81336829954137,LOAD,CA,46.83385,POINT (-121.81336829954137 39.7118129999855)
BWILLIAM_LNODEILLW,34.16145330172,-114.38177086852794,LOAD,WALC,45.80396,POINT (-114.38177086852794 34.16145330172)
B_6_N001,32.714377595830264,-117.16944251257752,LOAD,CA,47.72962,POINT (-117.16944251257752 32.714377595830264)
B_6_N003,32.714198404079745,-117.16944251279143,LOAD,CA,47.72962,POINT (-117.16944251279143 32.714198404079745)
B_6_N005,32.714198404079745,-117.16965548720856,LOAD,CA,47.72962,POINT (-117.16965548720856 32.714198404079745)
B_6_N007,32.714377595830264,-117.16965548742249,LOAD,CA,47.72962,POINT (-117.16965548742249 32.714377595830264)
CABRILLO_1_N001,32.70751759908557,-117.24492651689708,LOAD,CA,48.95592,POINT (-117.24492651689708 32.70751759908557)
CABRILLO_6_N001,32.70733840082447,-117.24492651711095,LOAD,CA,47.74399,POINT (-117.24492651711095 32.70733840082447)
CABRILLO_6_N004,32.70733840082447,-117.24513948288904,LOAD,CA,47.74399,POINT (-117.24513948288904 32.70733840082447)
CALAVE_1_N001,36.71900181109094,-119.76554095699167,LOAD,CA,50.75703,POINT (-119.76554095699167 36.71900181109094)
CALAVE_1_N002,36.718822188804005,-119.76554095725366,LOAD,CA,50.75703,POINT (-119.76554095725366 36.718822188804005)
CALAVE_1_N004,36.718822188804005,-119.76576504274634,LOAD,CA,50.75703,POINT (-119.76576504274634 36.718822188804005)
CALCMENT_7_N4,37.37,-120.64,LOAD,CA,46.96319,POINT (-120.64 37.37)
CALISTGA_6_N001,38.592664,-122.57862,LOAD,CA,47.66544,POINT (-122.57862 38.592664)
CALLENDR_1_N001,35.04,-120.6,LOAD,CA,48.94634,POINT (-120.6 35.04)
CALPELLA_1_N001,39.197538,-123.192135,LOAD,CA,47.10211,POINT (-123.192135 39.197538)
CALSUB_LNODEET,39.521219,-120.008761,LOAD,NV,45.76564,POINT (-120.008761 39.521219)
CAMDEN_6_N001,36.446258999987045,-119.79904229562648,LOAD,CA,53.24794,POINT (-119.79904229562648 36.446258999987045)
CAMDEN_6_N002,36.446258999987045,-119.79915370437352,LOAD,CA,53.24794,POINT (-119.79915370437352 36.446258999987045)
CAMERON_6_N001,32.65324599998863,-116.48807277404411,LOAD,CA,47.31766,POINT (-116.48807277404411 32.65324599998863)
CAMINO_2_N001,34.83,-114.99,LOAD,CA,46.71889,POINT (-114.99 34.83)
CAMPHORA_6_N001,36.46829799998704,-121.39017127220814,LOAD,CA,48.82179,POINT (-121.39017127220814 36.46829799998704)
CAMPHORA_6_N003,36.46829799998704,-121.39028272779186,LOAD,CA,48.82179,POINT (-121.39028272779186 36.46829799998704)
CANAL_6_N001,37.066368999986636,-120.8354215297125,LOAD,CA,49.13315,POINT (-120.8354215297125 37.066368999986636)
CANAL_6_N006,37.066368999986636,-120.8355344702875,LOAD,CA,47.91644,POINT (-120.8355344702875 37.066368999986636)
CANBY_BP_LNODEACW,41.444925999984385,-120.88087787131334,LOAD,BPAT,46.2255,POINT (-120.88087787131334 41.444925999984385)
CANBY_BP_LNODEVEC,41.444925999984385,-120.88099812868666,LOAD,BPAT,46.2255,POINT (-120.88099812868666 41.444925999984385)
CAN_SUB_LNODEONA,34.18955419166312,-118.592,LOAD,LADWP,46.762,POINT (-118.592 34.18955419166312)
CAN_SUB_LNODEONB,34.189472904155366,-118.59194326369176,LOAD,LADWP,46.762,POINT (-118.59194326369176 34.189472904155366)
CAN_SUB_LNODEONC,34.189472904155366,-118.59205673630824,LOAD,LADWP,46.762,POINT (-118.59205673630824 34.189472904155366)
CAPAY_6_N001,39.775993256822886,-122.10383,LOAD,CA,46.62308,POINT (-122.10383 39.775993256822886)
CARBONA_6_N003,37.69218399998622,-121.41818185598439,LOAD,CA,47.7919,POINT (-121.41818185598439 37.69218399998622)
CARBONA_6_N101,37.69218399998622,-121.4182961440156,LOAD,CA,47.7919,POINT (-121.4182961440156 37.69218399998622)
CARLOTTA_6_N001,40.541122999984744,-124.06382054930958,LOAD,CA,44.44833,POINT (-124.06382054930958 40.541122999984744)
CARLOTTA_6_N003,40.541122999984744,-124.06393945069041,LOAD,CA,44.44833,POINT (-124.06393945069041 40.541122999984744)
CARLTNHS_1_N001,32.85503754591703,-117.01185140348343,LOAD,CA,47.26018,POINT (-117.01185140348343 32.85503754591703)
CARLTNHS_1_N004,32.85485845399255,-117.01185140369861,LOAD,CA,47.26018,POINT (-117.01185140369861 32.85485845399255)
CARNATIO_6_N001,35.311332,-119.083574,LOAD,CA,48.36777,POINT (-119.083574 35.311332)
CARNERAS_6_N001,35.541055,-119.805238,LOAD,CA,47.38473,POINT (-119.805238 35.541055)
CAROLNDS_6_N001,37.55291899998627,-122.37633097506193,LOAD,CA,48.40504,POINT (-122.37633097506193 37.55291899998627)
CAROLNDS_6_N002,37.55291899998627,-122.37644502493806,LOAD,CA,48.40504,POINT (-122.37644502493806 37.55291899998627)
CARQUINZ_1_N001,38.09103799998602,-122.24848662968667,LOAD,CA,47.19624,POINT (-122.24848662968667 38.09103799998602)
CARQUINZ_1_N002,38.09103799998602,-122.24860137031332,LOAD,CA,47.19624,POINT (-122.24860137031332 38.09103799998602)
CARRIZO_1_N001,35.3805629695311,-120.040252,LOAD,CA,47.49011,POINT (-120.040252 35.3805629695311)
CARRIZO_LNODEHILL,35.38048201522088,-120.04019467441788,LOAD,PNM,45.79917,POINT (-120.04019467441788 35.38048201522088)
CARRIZO_LNODEZOT1,35.38048201522088,-120.04030932558213,LOAD,PNM,45.53092,POINT (-120.04030932558213 35.38048201522088)
CARTWRT_1_N001,37.78999999998617,-122.24994278512781,LOAD,CA,47.92962,POINT (-122.24994278512781 37.78999999998617)
CARTWRT_1_N010,37.78999999998617,-122.25005721487219,LOAD,CA,47.92962,POINT (-122.25005721487219 37.78999999998617)
CARUTHRS_6_N001,36.531554,-119.882758,LOAD,CA,50.72829,POINT (-119.882758 36.531554)
CAR_SM_LNODENE1,38.642773175556165,-121.3294330286556,LOAD,BANC,47.07815,POINT (-121.3294330286556 38.642773175556165)
CAR_SM_LNODENE2,38.64259349099788,-121.32943302894401,LOAD,BANC,47.07815,POINT (-121.32943302894401 38.64259349099788)
CAR_SM_LNODENE3,38.64259349099788,-121.329663082168,LOAD,BANC,47.07815,POINT (-121.329663082168 38.64259349099788)
CAR_SM_LNODENE4,38.642773175556165,-121.3296630824564,LOAD,BANC,47.07815,POINT (-121.3296630824564 38.642773175556165)
CASTLE_LNODEDR1,37.36195490350885,-120.56264978595905,LOAD,TIDC,47.48532,POINT (-120.56264978595905 37.36195490350885)
CASTLE_LNODEDR2,37.36187666885442,-120.5625929569803,LOAD,TIDC,47.48532,POINT (-120.5625929569803 37.36187666885442)
CASTLE_LNODEDR3,37.36179843428164,-120.56264978607754,LOAD,TIDC,47.47574,POINT (-120.56264978607754 37.36179843428164)
CASTLE_LNODEDR4,37.36179843428164,-120.56276344403506,LOAD,TIDC,47.47574,POINT (-120.56276344403506 37.36179843428164)
CASTLE_LNODEDR5,37.36187666885442,-120.5628202731323,LOAD,TIDC,47.48532,POINT (-120.5628202731323 37.36187666885442)
CASTLE_LNODEDR6,37.36195490350885,-120.56276344415355,LOAD,TIDC,47.48532,POINT (-120.56276344415355 37.36195490350885)
CASTROVL_2_N001,37.69127699998625,-122.06100285669102,LOAD,CA,47.94518,POINT (-122.06100285669102 37.69127699998625)
CASTROVL_2_N003,37.69127699998625,-122.06111714330898,LOAD,CA,47.94518,POINT (-122.06111714330898 37.69127699998625)
CASTROVL_2_N006,36.76278384840137,-121.73625384648868,LOAD,CA,47.94518,POINT (-121.73625384648868 36.76278384840137)
CAS_LA_LNODESMW,34.587237,-118.656638,LOAD,LADWP,46.69494,POINT (-118.656638 34.587237)
CAS_PP_LNODE1AUX,34.58734037344726,-118.65692220263387,LOAD,LADWP,46.69494,POINT (-118.65692220263387 34.58734037344726)
CAS_PP_LNODE2AUX,34.58742309555189,-118.65687780855163,LOAD,LADWP,46.69494,POINT (-118.65687780855163 34.58742309555189)
CAS_PP_LNODE3AUX,34.587488904018386,-118.65680245963806,LOAD,LADWP,46.69494,POINT (-118.65680245963806 34.587488904018386)
CAS_PP_LNODE4AUX,34.58753171916694,-118.65670569917606,LOAD,LADWP,46.69494,POINT (-118.65670569917606 34.58753171916694)
CAS_PP_LNODE5AUX,34.58754852361777,-118.65659776098718,LOAD,LADWP,46.69494,POINT (-118.65659776098718 34.58754852361777)
CAS_PP_LNODE6AUX,34.58753896054594,-118.65648852558515,LOAD,LADWP,46.69494,POINT (-118.65648852558515 34.58753896054594)
CATALYST_7_N001,37.33647699998642,-121.87909619952335,LOAD,CA,48.9001,POINT (-121.87909619952335 37.33647699998642)
CATLETT_6_N001,38.808811,-121.516115,LOAD,CA,47.14522,POINT (-121.516115 38.808811)
CAWELOB_6_N001,35.57097799998741,-119.11546380934058,LOAD,CA,47.55398,POINT (-119.11546380934058 35.57097799998741)
CAWELOC_1_N001,35.57097799998741,-119.11557419065942,LOAD,CA,47.29371,POINT (-119.11557419065942 35.57097799998741)
CAYUCOS_6_N001,35.44865399998744,-120.8703058292383,LOAD,CA,48.12721,POINT (-120.8703058292383 35.44865399998744)
CAYUCOS_6_N006,35.44865399998744,-120.8704161707617,LOAD,CA,48.12721,POINT (-120.8704161707617 35.44865399998744)
CCOSTA_2_N001,37.998665892623194,-121.7833735810065,LOAD,CA,47.09732,POINT (-121.7833735810065 37.998665892623194)
CCSUB_1_N001,38.03,-121.75,LOAD,CA,47.10211,POINT (-121.75 38.03)
CCSUB_2_N001,38.01999999998606,-121.75994265860079,LOAD,CA,47.08774,POINT (-121.75994265860079 38.01999999998606)
CCSUB_2_N010,38.01999999998606,-121.7600573413992,LOAD,CA,47.08774,POINT (-121.7600573413992 38.01999999998606)
CEDRCRK_6_N101,40.79116899998464,-121.93795172476342,LOAD,CA,43.54777,POINT (-121.93795172476342 40.79116899998464)
CENTERS_6_N001,33.928884073837764,-118.105463,LOAD,CA,47.64819,POINT (-118.105463 33.928884073837764)
CENTERS_6_N200,33.9288029630683,-118.10551943910147,LOAD,CA,47.64819,POINT (-118.10551943910147 33.9288029630683)
CEN_SUB_LNODEONB,33.948054083699034,-118.255,LOAD,LADWP,46.75721,POINT (-118.255 33.948054083699034)
CEN_SUB_LNODEONC,33.94797295813763,-118.25494353789466,LOAD,LADWP,46.75721,POINT (-118.25494353789466 33.94797295813763)
CEN_SUB_LNODEOND,33.94797295813763,-118.25505646210534,LOAD,LADWP,46.75721,POINT (-118.25505646210534 33.94797295813763)
CERES_LNODEDR1,37.6088562120824,-120.956729570412,LOAD,TIDC,47.47095,POINT (-120.956729570412 37.6088562120824)
CERES_LNODEDR3,37.6089710504,-120.956595705015,LOAD,TIDC,47.47095,POINT (-120.956595705015 37.6089710504)
CERES_LNODEDR4,37.6089019185376,-120.956592000755,LOAD,TIDC,47.47095,POINT (-120.956592000755 37.6089019185376)
CERES_LNODEDR5,37.6087606610128,-120.956712881849,LOAD,TIDC,47.47095,POINT (-120.956712881849 37.6087606610128)
CERES_LNODEDR7,37.6089324750351,-120.956712057352,LOAD,TIDC,47.47095,POINT (-120.956712057352 37.6089324750351)
CERES_LNODEDR8,37.6090011903052,-120.956714357349,LOAD,TIDC,47.47095,POINT (-120.956714357349 37.6090011903052)
CERTTEED_1_N001,37.059999999986665,-120.07994353791257,LOAD,CA,53.40123,POINT (-120.07994353791257 37.059999999986665)
CERTTEED_1_N002,37.059999999986665,-120.08005646208743,LOAD,CA,53.40123,POINT (-120.08005646208743 37.059999999986665)
CHALLNGE_6_N001,39.48543,-121.220509,LOAD,CA,46.92008,POINT (-121.220509 39.48543)
CHANNEL_6_N001,37.95526599998612,-121.33242068885451,LOAD,CA,47.02067,POINT (-121.33242068885451 37.95526599998612)
CHARKA_1_N001,35.608038,-119.325523,LOAD,CA,46.94403,POINT (-119.325523 35.608038)
CHCARITA_1_N001,32.9600895309367,-117.08989329478639,LOAD,CA,47.40389,POINT (-117.08989329478639 32.9600895309367)
CHCARITA_1_N004,32.95991046897258,-117.08989329500262,LOAD,CA,47.40389,POINT (-117.08989329500262 32.95991046897258)
CHCARITA_1_N008,32.95991046897258,-117.09010670499737,LOAD,CA,47.40389,POINT (-117.09010670499737 32.95991046897258)
CHC_LNODE31A,38.95999999998579,-120.89994237638588,LOAD,APS,45.5405,POINT (-120.89994237638588 38.95999999998579)
CHC_LNODE33A,38.95999999998579,-120.90005762361412,LOAD,APS,45.5405,POINT (-120.90005762361412 38.95999999998579)
CHEROKEE_6_N001,38.005513,-121.237769,LOAD,CA,47.68172,POINT (-121.237769 38.005513)
CHESTER_6_N001,40.304405,-121.224282,LOAD,CA,42.9969,POINT (-121.224282 40.304405)
CHICOA_6_N001,39.71879299998543,-121.82096169136352,LOAD,CA,46.83864,POINT (-121.82096169136352 39.71879299998543)
CHICOA_6_N010,39.71879299998543,-121.82107830863647,LOAD,CA,46.83864,POINT (-121.82107830863647 39.71879299998543)
CHICOB_1_N001,39.725493999985424,-121.84718768259572,LOAD,CA,46.68057,POINT (-121.84718768259572 39.725493999985424)
CHICOB_1_N002,39.725493999985424,-121.84730431740428,LOAD,CA,46.68057,POINT (-121.84730431740428 39.725493999985424)
CHINO_6_N007,33.998301818402325,-117.67886922357054,LOAD,CA,47.38473,POINT (-117.67886922357054 33.998301818402325)
CHINO_6_N008,33.998301818402325,-117.67908677642946,LOAD,CA,47.38473,POINT (-117.67908677642946 33.998301818402325)
CHLDHOSP_1_N001,36.87,-119.81,LOAD,CA,50.89595,POINT (-119.81 36.87)
CHOLLAS_6_N001,32.744058749573895,-117.046316,LOAD,CA,47.85896,POINT (-117.046316 32.744058749573895)
CHOLLAS_6_N008,32.743978125200904,-117.04626065732346,LOAD,CA,47.85896,POINT (-117.04626065732346 32.743978125200904)
CHOLLAS_6_N009,32.743978125200904,-117.04637134267654,LOAD,CA,47.85896,POINT (-117.04637134267654 32.743978125200904)
CHSTN_1_N001,38.09,-120.3,LOAD,CA,32.0,POINT (-120.3 38.09)
CHWCHLLA_1_N001,37.12073295026913,-120.25055224215674,LOAD,CA,53.04675,POINT (-120.25055224215674 37.12073295026913)
CHWCHLLA_1_N002,37.12073295026913,-120.25066975784326,LOAD,CA,53.04675,POINT (-120.25066975784326 37.12073295026913)
CIG_SM_LNODESS,38.44525,-121.461543055556,LOAD,BANC,47.08774,POINT (-121.461543055556 38.44525)
CIMA_2_N101,35.2691,-115.49292,LOAD,CA,46.28298,POINT (-115.49292 35.2691)
CITYUKH_1_B1,39.14300254479826,-123.19181754359136,LOAD,CA,47.07815,POINT (-123.19181754359136 39.14300254479826)
CLAIRMNT_6_N008,32.825996732119705,-117.184096,LOAD,CA,47.83022,POINT (-117.184096 32.825996732119705)
CLAMMNA_1_N001,37.807826,-121.276142,LOAD,CA,47.3991,POINT (-121.276142 37.807826)
CLARIBEL_LNODEGFP,37.71028,-120.9688,LOAD,BANC,47.67214,POINT (-120.9688 37.71028)
CLARKRD_7_N001,39.6546447946953,-121.635292,LOAD,CA,46.78595,POINT (-121.635292 39.6546447946953)
CLARMNT_1_N001,32.82591613392796,-117.18404062431202,LOAD,CA,47.71419,POINT (-117.18404062431202 32.82591613392796)
CLAUS_LNODEKSN,37.639389999986214,-120.91954289863075,LOAD,BANC,47.68172,POINT (-120.91954289863075 37.639389999986214)
CLAUS_LNODESME,37.639389999986214,-120.91965710136925,LOAD,BANC,47.68172,POINT (-120.91965710136925 37.639389999986214)
CLAYTN_1_N001,38.34245511038229,-120.93484110965764,LOAD,CA,46.73484,POINT (-120.93484110965764 38.34245511038229)
CLAYTN_1_N004,37.943825,-121.969415,LOAD,CA,46.73484,POINT (-121.969415 37.943825)
CLAYTN_1_N029,38.3422748895056,-120.93484110994348,LOAD,CA,46.73484,POINT (-120.93484110994348 38.3422748895056)
CLAYTN_1_N030,38.3422748895056,-120.93507089005652,LOAD,CA,46.73484,POINT (-120.93507089005652 38.3422748895056)
CLAY_6_N001,38.34245511038229,-120.93507089034236,LOAD,CA,48.17032,POINT (-120.93507089034236 38.34245511038229)
CLERLKE_6_N001,39.007954999985856,-122.89377935245265,LOAD,CA,46.57039,POINT (-122.89377935245265 39.007954999985856)
CLERLKE_6_N012,39.007954999985856,-122.89389464754734,LOAD,CA,46.57039,POINT (-122.89389464754734 39.007954999985856)
CLMBAHL_6_N001,39.331874,-121.101368,LOAD,CA,47.02546,POINT (-121.101368 39.331874)
CLOUGH_LNODEIYF,37.62761111,-120.9751667,LOAD,BANC,47.74399,POINT (-120.9751667 37.62761111)
CLOUGH_LNODEYBR,37.62761110994497,-120.97505251712948,LOAD,BANC,47.74399,POINT (-120.97505251712948 37.62761110994497)
CLOVIS_1_N001,36.826043942491545,-119.681281,LOAD,CA,50.85284,POINT (-119.681281 36.826043942491545)
CLOVIS_1_N004,36.825963028740034,-119.68122263908639,LOAD,CA,50.872,POINT (-119.68122263908639 36.825963028740034)
CLOVIS_1_N101,36.825963028740034,-119.68133936091361,LOAD,CA,50.85284,POINT (-119.68133936091361 36.825963028740034)
CLOVRDLE_1_N001,38.795757,-123.011412,LOAD,CA,54.3,POINT (-123.011412 38.795757)
CLRKSVLE_1_N001,38.655559898770534,-121.060175,LOAD,CA,47.19312,POINT (-121.060175 38.655559898770534)
CLRKSVLE_1_N003,38.655479050599546,-121.06011522698469,LOAD,CA,47.19312,POINT (-121.06011522698469 38.655479050599546)
CLRKSVLE_1_N004,38.655479050599546,-121.0602347730153,LOAD,CA,47.19312,POINT (-121.0602347730153 38.655479050599546)
CLSAJCT_6_N001,39.190857,-121.990506,LOAD,CA,45.70816,POINT (-121.990506 39.190857)
CLWTER_2_N003,35.39850993300358,-118.93957167203409,LOAD,CA,45.40413,POINT (-118.93957167203409 35.39850993300358)
CMPEVRS_1_N001,37.041635999986624,-122.02530956161661,LOAD,CA,49.02777,POINT (-122.02530956161661 37.041635999986624)
CMPEVRS_1_N002,37.041635999986624,-122.02542243838339,LOAD,CA,49.02777,POINT (-122.02542243838339 37.041635999986624)
CNTRYCB_6_N001,37.97966036733168,-121.31639835392943,LOAD,CA,47.57155,POINT (-121.31639835392943 37.97966036733168)
CNTRYCB_6_N002,37.979479632557,-121.31639835421177,LOAD,CA,47.57155,POINT (-121.31639835421177 37.979479632557)
CNTRYCB_6_N004,37.979479632557,-121.31662764578823,LOAD,CA,47.57155,POINT (-121.31662764578823 37.979479632557)
CNTRYCB_6_N006,37.97966036733168,-121.31662764607057,LOAD,CA,47.57155,POINT (-121.31662764607057 37.97966036733168)
COLLEG_LNODEDR1,37.6091056801805,-120.992876143573,LOAD,TIDC,47.48532,POINT (-120.992876143573 37.6091056801805)
COLLEG_LNODEDR2,37.6091096218649,-120.992789582042,LOAD,TIDC,47.48532,POINT (-120.992789582042 37.6091096218649)
COLLEG_LNODEDR5,37.6090266914486,-120.992698116343,LOAD,TIDC,47.48532,POINT (-120.992698116343 37.6090266914486)
COLLEG_LNODER15,37.6090419641747,-120.993034819943,LOAD,TIDC,47.48532,POINT (-120.993034819943 37.6090419641747)
COLNGA1_6_N001,36.13602399998719,-120.34444457141348,LOAD,CA,47.2985,POINT (-120.34444457141348 36.13602399998719)
COLNGA1_6_N002,36.13602399998719,-120.34455542858652,LOAD,CA,47.2985,POINT (-120.34455542858652 36.13602399998719)
COLNGA2_6_N001,36.236577,-120.315114,LOAD,CA,47.27934,POINT (-120.315114 36.236577)
COLONY_6_N001,38.190132,-121.181632,LOAD,CA,47.91165,POINT (-121.181632 38.190132)
COLUMBUS_1_N001,35.398330066896115,-118.93957167228022,LOAD,CA,47.07815,POINT (-118.93957167228022 35.398330066896115)
COLUMBUS_1_N003,35.398330066896115,-118.93979232771979,LOAD,CA,47.07815,POINT (-118.93979232771979 35.398330066896115)
COLUMBUS_1_N005,35.39850993300358,-118.9397923279659,LOAD,CA,47.07815,POINT (-118.9397923279659 35.39850993300358)
COLUSA_6_N001,39.213610999985775,-122.00296022131043,LOAD,CA,47.84459,POINT (-122.00296022131043 39.213610999985775)
COLUSA_6_N004,39.213610999985775,-122.00307577868956,LOAD,CA,47.84459,POINT (-122.00307577868956 39.213610999985775)
COLWATER_1_N001,34.86012489309556,-116.85312978164612,LOAD,CA,46.11684,POINT (-116.85312978164612 34.86012489309556)
COLWATER_1_N002,34.86012489309556,-116.85324421835388,LOAD,CA,46.11684,POINT (-116.85324421835388 34.86012489309556)
COMMONS_LNODEDR1,37.6091045275098,-120.992962913259,LOAD,TIDC,47.50448,POINT (-120.992962913259 37.6091045275098)
COMMONS_LNODEDR3,37.5166183000533,-120.867554724081,LOAD,TIDC,47.49969,POINT (-120.867554724081 37.5166183000533)
COMMONS_LNODEDR4,37.516699044633,-120.867555122205,LOAD,TIDC,47.50448,POINT (-120.867555122205 37.516699044633)
COMMONS_LNODEDR5,37.5164895041446,-120.867550987033,LOAD,TIDC,47.49969,POINT (-120.867550987033 37.5164895041446)
COMMONS_LNODEDR7,37.5165532160667,-120.867553025577,LOAD,TIDC,47.49969,POINT (-120.867553025577 37.5165532160667)
COMMONS_LNODEDR8,37.5008689404211,-120.913270146673,LOAD,TIDC,47.50448,POINT (-120.913270146673 37.5008689404211)
CONCHO_1_N002,33.785845,-116.342689,LOAD,CA,46.80032,POINT (-116.342689 33.785845)
CONTADNA_1_N001,36.29,-119.71,LOAD,CA,49.71277,POINT (-119.71 36.29)
CONTROLX_1_N001,37.342839,-118.471988,LOAD,CA,-32.53437,POINT (-118.471988 37.342839)
CONTROL_7_N001,37.34291722503321,-118.47193119226046,LOAD,CA,-32.08888,POINT (-118.47193119226046 37.34291722503321)
COOPER_LNODEDR1,37.3189566034476,-120.5119493179366,LOAD,TIDC,47.47574,POINT (-120.5119493179366 37.3189566034476)
COOPER_LNODEDR2,37.31895660339336,-120.51183575699493,LOAD,TIDC,47.49011,POINT (-120.51183575699493 37.31895660339336)
COOPER_LNODEDR3,37.318866291449055,-120.51183575713138,LOAD,TIDC,47.48053,POINT (-120.51183575713138 37.318866291449055)
COOPER_LNODEDR4,37.318802431310424,-120.51191605677509,LOAD,TIDC,47.49011,POINT (-120.51191605677509 37.318802431310424)
COOPER_LNODEDR5,37.318787159360575,-120.51202798203006,LOAD,TIDC,47.48053,POINT (-120.51202798203006 37.318787159360575)
COOPER_LNODEDR6,37.31881843902539,-120.51213451388375,LOAD,TIDC,47.49011,POINT (-120.51213451388375 37.31881843902539)
COOPER_LNODEDR7,37.318884305211256,-120.51221220923813,LOAD,TIDC,47.49011,POINT (-120.51221220923813 37.318884305211256)
COOPER_LNODEDR8,37.318969657813994,-120.51224932323211,LOAD,TIDC,47.49011,POINT (-120.51224932323211 37.318969657813994)
COOPER_LNODEDR9,37.31905983488123,-120.51224311913526,LOAD,TIDC,47.49011,POINT (-120.51224311913526 37.31905983488123)
COOPER_LNODER14,37.31914244338007,-120.5121972257278,LOAD,TIDC,47.47574,POINT (-120.5121972257278 37.31914244338007)
COOPER_LNODER15,37.31920816147405,-120.51211933201114,LOAD,TIDC,47.47574,POINT (-120.51211933201114 37.31920816147405)
COOPER_LNODER16,37.31925091782716,-120.51201930357878,LOAD,TIDC,47.47574,POINT (-120.51201930357878 37.31925091782716)
COOPER_LNODER17,37.31926769919903,-120.51190771989396,LOAD,TIDC,47.47574,POINT (-120.51190771989396 37.31926769919903)
COPUS_6_N001,35.093593,-119.278466,LOAD,CA,50.64791,POINT (-119.278466 35.093593)
CORCORAN_1_N001,36.10957699998725,-119.55797958991954,LOAD,CA,53.2192,POINT (-119.55797958991954 36.10957699998725)
CORCORAN_1_N005,36.10957699998725,-119.55809041008045,LOAD,CA,53.21441,POINT (-119.55809041008045 36.10957699998725)
CORDELIA_6_N001,38.216066,-122.112082,LOAD,CA,47.10211,POINT (-122.112082 38.216066)
CORDPMP_6_N003,38.575433098781254,-121.497588,LOAD,CA,47.19312,POINT (-121.497588 38.575433098781254)
CORNING_6_N004,39.93198099998522,-122.18732639815484,LOAD,CA,47.70088,POINT (-122.18732639815484 39.93198099998522)
CORNING_6_N006,39.93198099998522,-122.18744360184516,LOAD,CA,47.70088,POINT (-122.18744360184516 39.93198099998522)
CORONADO_6_N001,32.698823762005226,-117.173249,LOAD,CA,47.75357,POINT (-117.173249 32.698823762005226)
CORONADO_6_N002,32.69874311898509,-117.17319367259638,LOAD,CA,47.75357,POINT (-117.17319367259638 32.69874311898509)
CORONA_1_N001,32.69874311898509,-117.17330432740361,LOAD,CA,46.97098,POINT (-117.17330432740361 32.69874311898509)
CORRAL_6_N001,38.1014979999861,-120.92635462577833,LOAD,CA,47.56676,POINT (-120.92635462577833 38.1014979999861)
CORRAL_6_N003,38.1014979999861,-120.92646937422167,LOAD,CA,47.56197,POINT (-120.92646937422167 38.1014979999861)
CORSGOLD_1_N001,37.22751499998653,-119.69108432761332,LOAD,CA,51.86357,POINT (-119.69108432761332 37.22751499998653)
CORSGOLD_1_N003,37.22751499998653,-119.69119767238668,LOAD,CA,51.86357,POINT (-119.69119767238668 37.22751499998653)
CORTEZ_LNODEDR1,37.5005587104299,-120.913235680039,LOAD,TIDC,47.49011,POINT (-120.913235680039 37.5005587104299)
CORTEZ_LNODEDR3,37.5007571927422,-120.913267914805,LOAD,TIDC,47.48053,POINT (-120.913267914805 37.5007571927422)
CORTEZ_LNODEDR5,37.5006522266335,-120.913263660994,LOAD,TIDC,47.49011,POINT (-120.913263660994 37.5006522266335)
CORTEZ_LNODEDR6,37.5008124927682,-120.913424010622,LOAD,TIDC,47.49011,POINT (-120.913424010622 37.5008124927682)
CORTEZ_LNODEDR7,37.5007095209272,-120.913352769965,LOAD,TIDC,47.48053,POINT (-120.913352769965 37.5007095209272)
CORTINA_1_N106,39.121407,-122.224176,LOAD,CA,46.15364,POINT (-122.224176 39.121407)
COR_LNODENE1,38.55393333331922,-121.20798139654603,LOAD,BANC,47.07815,POINT (-121.20798139654603 38.55393333331922)
COR_LNODENE3,38.55393333331922,-121.20809638123197,LOAD,BANC,47.07815,POINT (-121.20809638123197 38.55393333331922)
COTATI_6_N101,38.30970399998603,-122.73153156284509,LOAD,CA,47.57467,POINT (-122.73153156284509 38.30970399998603)
COTATI_6_N102,38.30970399998603,-122.73164643715491,LOAD,CA,47.57467,POINT (-122.73164643715491 38.30970399998603)
COTTLEA_2_N001,37.772676259234935,-120.825545,LOAD,CA,51.557,POINT (-120.825545 37.772676259234935)
COTTLE_7_N001,37.77259487036768,-120.82548555286246,LOAD,CA,51.557,POINT (-120.82548555286246 37.77259487036768)
COTWDPGE_1_N001,34.38040399998781,-116.87675022716886,LOAD,CA,46.58955,POINT (-116.87675022716886 34.38040399998781)
COVELO6_6_N001,39.78628299998532,-123.24850460152904,LOAD,CA,51.16899,POINT (-123.24850460152904 39.78628299998532)
CPLECEF_1_N001,37.25999999998651,-121.63994328855216,LOAD,CA,48.89962,POINT (-121.63994328855216 37.25999999998651)
CPLECEF_1_N005,37.25999999998651,-121.64005671144784,LOAD,CA,48.89962,POINT (-121.64005671144784 37.25999999998651)
CPP_LNODESS1,38.3383555554995,-121.12458988828622,LOAD,BANC,47.07815,POINT (-121.12458988828622 38.3383555554995)
CPP_LNODESS2,38.33844566948052,-121.124475,LOAD,BANC,47.07815,POINT (-121.124475 38.33844566948052)
CRABTREE_LNODENK1,37.64506,-120.60683,LOAD,BANC,47.65777,POINT (-120.60683 37.64506)
CRCANAL_6_N001,40.1384740349693,-122.208547,LOAD,CA,48.55833,POINT (-122.208547 40.1384740349693)
CREELMAN_6_N001,33.01815871873613,-116.853026,LOAD,CA,48.50564,POINT (-116.853026 33.01815871873613)
CREELMAN_6_N004,33.01807814061963,-116.85297051775382,LOAD,CA,48.50564,POINT (-116.85297051775382 33.01807814061963)
CREELMAN_6_N014,33.01807814061963,-116.85308148224618,LOAD,CA,48.51043,POINT (-116.85308148224618 33.01807814061963)
CRESSEY_1_N001,37.42852799998634,-120.6386900986629,LOAD,CA,51.98812,POINT (-120.6386900986629 37.42852799998634)
CRESTWD_6_N001,32.699023999988746,-116.35373376108788,LOAD,CA,47.24102,POINT (-116.35373376108788 32.699023999988746)
CROWLNDG_LNODEDR1,37.4627004272953,-120.740076630976,LOAD,TIDC,47.48053,POINT (-120.740076630976 37.4627004272953)
CROWLNDG_LNODEDR3,37.462786962981,-120.740080933369,LOAD,TIDC,47.48053,POINT (-120.740080933369 37.462786962981)
CROWLNDG_LNODEDR4,37.462613876709,-120.740078364387,LOAD,TIDC,47.48053,POINT (-120.740078364387 37.462613876709)
CROWLNDG_LNODEDR5,37.4625421344261,-120.740074305354,LOAD,TIDC,47.48053,POINT (-120.740074305354 37.4625421344261)
CROWLNDG_LNODEDR7,37.4627827502437,-120.740270351347,LOAD,TIDC,47.48053,POINT (-120.740270351347 37.4627827502437)
CRUSHER_6_N001,37.021645,-122.154383,LOAD,CA,48.79029,POINT (-122.154383 37.021645)
CRWSLDG_6_N001,37.377307,-121.085672,LOAD,CA,48.95592,POINT (-121.085672 37.377307)
CRYSTLSG_6_N001,37.528913,-122.361067,LOAD,CA,48.53917,POINT (-122.361067 37.528913)
CSG_LNODESS,38.51068967879612,-121.47509029333828,LOAD,BANC,47.07336,POINT (-121.47509029333828 38.51068967879612)
CSTRVLLE_1_N001,36.762604151493385,-121.73625384675147,LOAD,CA,47.77752,POINT (-121.73625384675147 36.762604151493385)
CURTIS1_7_N001,37.974949221777045,-120.320668,LOAD,CA,41.59337,POINT (-120.320668 37.974949221777045)
CURTISS_1_N101,37.974867889096444,-120.32072756943327,LOAD,CA,41.51193,POINT (-120.32072756943327 37.974867889096444)
CYMRIC_1_N001,35.31,-119.63,LOAD,CA,46.44585,POINT (-119.63 35.31)
DAIRYLND_1_N001,37.055221,-120.317015,LOAD,CA,52.24679,POINT (-120.317015 37.055221)
DALYCTY_1_N001,37.69180126214444,-122.455704,LOAD,CA,48.74515,POINT (-122.455704 37.69180126214444)
DALYCTY_1_N005,37.69171986891291,-122.45564461457239,LOAD,CA,48.74515,POINT (-122.45564461457239 37.69171986891291)
DANISHCM_1_N001,36.71900181109094,-119.76576504300833,LOAD,CA,50.74266,POINT (-119.76576504300833 36.71900181109094)
DAVIS_1_N001,39.06008956957949,-121.70988464738468,LOAD,CA,47.93081,POINT (-121.70988464738468 39.06008956957949)
DAVIS_1_N007,39.05991043030674,-121.70988464767737,LOAD,CA,47.93081,POINT (-121.70988464767737 39.05991043030674)
DAVIS_1_N012,39.05991043030674,-121.71011535232263,LOAD,CA,47.93081,POINT (-121.71011535232263 39.05991043030674)
DECPTSG_2_N001,38.05999999998602,-121.86994264179833,LOAD,CA,46.64933,POINT (-121.86994264179833 38.05999999998602)
DECPTSG_2_N018,38.05999999998602,-121.87005735820168,LOAD,CA,46.64933,POINT (-121.87005735820168 38.05999999998602)
DEEPWATR_1_N101,38.55162999998592,-121.56020750817653,LOAD,CA,47.84459,POINT (-121.56020750817653 38.55162999998592)
DEEPWATR_1_N104,38.55162999998592,-121.56032249182347,LOAD,CA,47.84459,POINT (-121.56032249182347 38.55162999998592)
DELAMO_2_N001,33.84836303124857,-118.096994,LOAD,CA,47.70088,POINT (-118.096994 33.84836303124857)
DELAMO_2_N014,33.84828198436281,-118.09693765855927,LOAD,CA,47.70088,POINT (-118.09693765855927 33.84828198436281)
DELAMO_2_N022,33.84828198436281,-118.09705034144073,LOAD,CA,47.70088,POINT (-118.09705034144073 33.84828198436281)
DELMAR_6_N001,38.7988788301003,-121.220655,LOAD,CA,47.81585,POINT (-121.220655 38.7988788301003)
DELMAR_6_N001A,38.798798084934575,-121.22059518327069,LOAD,CA,47.12606,POINT (-121.22059518327069 38.798798084934575)
DELMAR_6_N005,38.798798084934575,-121.22071481672931,LOAD,CA,47.12606,POINT (-121.22071481672931 38.798798084934575)
DELMAR_6_N010,32.980789999988666,-117.25535963525417,LOAD,CA,47.81585,POINT (-117.25535963525417 32.980789999988666)
DELMAR_6_N011,32.980789999988666,-117.25546636474583,LOAD,CA,47.81585,POINT (-117.25546636474583 32.980789999988666)
DELMNTE_1_N010,36.599053999987,-121.8539621246086,LOAD,CA,48.15116,POINT (-121.8539621246086 36.599053999987)
DELMNTE_1_N201,36.599053999987,-121.85407387539139,LOAD,CA,48.15116,POINT (-121.85407387539139 36.599053999987)
DESCANSO_6_N001,32.86524,-116.633752,LOAD,CA,47.47574,POINT (-116.633752 32.86524)
DEVLDNPP_6_N003,35.774930999987355,-119.97393475743563,LOAD,CA,47.19312,POINT (-119.97393475743563 35.774930999987355)
DEVLSDN_6_N001,35.774930999987355,-119.97404524256437,LOAD,CA,47.14043,POINT (-119.97404524256437 35.774930999987355)
DFS_1_N001,36.72,-120.6,LOAD,CA,47.78232,POINT (-120.6 36.72)
DIABLO1_7_N001,35.215922999950024,-120.84743471985068,LOAD,CA,46.06263,POINT (-120.84743471985068 35.215922999950024)
DIABLO2_7_N001,35.215922999950024,-120.84765528014933,LOAD,CA,46.07221,POINT (-120.84765528014933 35.215922999950024)
DIABLOCN_2_N001,35.21601309719158,-120.847545,LOAD,CA,47.80627,POINT (-120.847545 35.21601309719158)
DINUBAE_7_N001,36.56893330486095,-119.41841731957626,LOAD,CA,51.05882,POINT (-119.41841731957626 36.56893330486095)
DINUBA_6_N001,36.56893330486095,-119.41864068042374,LOAD,CA,51.11151,POINT (-119.41864068042374 36.56893330486095)
DINUBA_6_N005,36.56911269503489,-119.41864068068313,LOAD,CA,51.11151,POINT (-119.41864068068313 36.56911269503489)
DIRYVLLE_6_N001,40.12799,-122.097838,LOAD,CA,47.51406,POINT (-122.097838 40.12799)
DIVISION_6_N001,32.6815959999886,-117.12003376624276,LOAD,CA,47.64819,POINT (-117.12003376624276 32.6815959999886)
DIVISION_6_N009,32.6815959999886,-117.12014023375725,LOAD,CA,47.64819,POINT (-117.12014023375725 32.6815959999886)
DIXON-J1_6_N101,38.44545401121386,-121.826237,LOAD,CA,47.2506,POINT (-121.826237 38.44545401121386)
DIXONLD_1_N001,37.457825231051295,-121.921353,LOAD,CA,49.73193,POINT (-121.921353 37.457825231051295)
DIXONLD_1_N002,37.457743884459624,-121.92129383478914,LOAD,CA,49.73193,POINT (-121.92129383478914 37.457743884459624)
DIXONLD_1_N008,37.457743884459624,-121.92141216521087,LOAD,CA,49.73672,POINT (-121.92141216521087 37.457743884459624)
DIXON_6_B1,38.445372994377905,-121.8261772770627,LOAD,CA,47.2506,POINT (-121.8261772770627 38.445372994377905)
DIXON_6_N002,38.445372994377905,-121.8262967229373,LOAD,CA,47.2506,POINT (-121.8262967229373 38.445372994377905)
DMNDSPR_1_N001,38.69304699998593,-120.82566347343,LOAD,CA,47.12606,POINT (-120.82566347343 38.69304699998593)
DMNDSPR_1_N003,38.69304699998593,-120.82577852656999,LOAD,CA,47.12606,POINT (-120.82577852656999 38.69304699998593)
DOBBINS_6_N001,39.339604,-121.197378,LOAD,CA,46.83385,POINT (-121.197378 39.339604)
DOLANRD_1_N001,36.800296,-121.769123,LOAD,CA,47.74878,POINT (-121.769123 36.800296)
DOMTAR_1_N001,38.13,-121.65,LOAD,CA,47.1069,POINT (-121.65 38.13)
DONNER_LNODE07,39.327305,-120.281812,LOAD,NV,45.79438,POINT (-120.281812 39.327305)
DONPEDRO_LNODENSS,37.6962503274167,-120.4206077500803,LOAD,TIDC,47.41347,POINT (-120.4206077500803 37.6962503274167)
DOSPALS_6_N001,36.97484,-120.635012,LOAD,CA,47.90686,POINT (-120.635012 36.97484)
DUKMOSS1_7_N001,36.85999999998676,-121.76005620188538,LOAD,CA,47.6434,POINT (-121.76005620188538 36.85999999998676)
DUKMOSS2_7_N001,36.84999999994714,-121.75988762218331,LOAD,CA,47.6434,POINT (-121.75988762218331 36.84999999994714)
DUKMOSS3_7_N001,36.84999999994714,-121.76011237781668,LOAD,CA,47.6434,POINT (-121.76011237781668 36.84999999994714)
DUKMOSS3_7_N002,36.85008992566386,-121.76,LOAD,CA,47.6434,POINT (-121.76 36.85008992566386)
DUKMOSS4_7_N001,36.84999999994714,-121.71988762218332,LOAD,CA,47.6434,POINT (-121.71988762218332 36.84999999994714)
DUKMOSS5_7_N001,36.83999999998681,-121.72005617595099,LOAD,CA,47.6434,POINT (-121.72005617595099 36.83999999998681)
DUKMOSS6_7_N001,36.84999999994714,-121.72011237781669,LOAD,CA,47.6434,POINT (-121.72011237781669 36.84999999994714)
DUKMOSS6_7_N002,36.85008992566386,-121.72,LOAD,CA,47.6434,POINT (-121.72 36.85008992566386)
DUMBARTN_1_N001,37.557155251259346,-122.057606,LOAD,CA,44.83129,POINT (-122.057606 37.557155251259346)
DUMBARTN_1_N003,37.55707387435557,-122.05754673393427,LOAD,CA,44.83129,POINT (-122.05754673393427 37.55707387435557)
DUMBARTN_1_N011,37.55707387435557,-122.05766526606573,LOAD,CA,44.83129,POINT (-122.05766526606573 37.55707387435557)
DUNBAR_6_N001,38.38322299998598,-122.52777754540057,LOAD,CA,47.39264,POINT (-122.52777754540057 38.38322299998598)
DUNBAR_6_N002,38.38322299998598,-122.52789245459942,LOAD,CA,47.39264,POINT (-122.52789245459942 38.38322299998598)
DUNHILL_6_N001,32.901543,-117.229958,LOAD,CA,47.91644,POINT (-117.229958 32.901543)
DUNLAP_6_N001,36.64502999998689,-119.15909106962141,LOAD,CA,51.25042,POINT (-119.15909106962141 36.64502999998689)
DUNNIGAN_6_N001,38.924808,-121.989951,LOAD,CA,46.57518,POINT (-121.989951 38.924808)
DUNNSIDE_1_N001,35.03321,-116.467335,LOAD,CA,46.00937,POINT (-116.467335 35.03321)
EAGLEMTN_2_N001,33.82005401596653,-115.44,LOAD,CA,35.64,POINT (-115.44 33.82005401596653)
EAGLEMTN_2_N002,33.8199729920039,-115.43994369314599,LOAD,CA,35.64,POINT (-115.43994369314599 33.8199729920039)
EAGLROCK_2_N001,38.8293359999859,-122.81077743066047,LOAD,CA,47.17396,POINT (-122.81077743066047 38.8293359999859)
EAGLROCK_2_N012,38.8293359999859,-122.81089256933953,LOAD,CA,47.17396,POINT (-122.81089256933953 38.8293359999859)
EASTGATE_6_N101,32.88493613808494,-117.20083859603457,LOAD,CA,47.75836,POINT (-117.20083859603457 32.88493613808494)
EASTGATE_6_N201,32.88493613808494,-117.20094940396542,LOAD,CA,47.75836,POINT (-117.20094940396542 32.88493613808494)
EBMUDGRY_1_N001,37.93,-122.04,LOAD,CA,47.05542,POINT (-122.04 37.93)
ECY_LNODE101,38.55445658675582,-121.43093112608555,LOAD,BANC,47.08774,POINT (-121.43093112608555 38.55445658675582)
ECY_LNODE102,38.55427674646514,-121.4309311263732,LOAD,BANC,47.08774,POINT (-121.4309311263732 38.55427674646514)
ECY_LNODE103,38.55427674646514,-121.43116109584881,LOAD,BANC,47.08774,POINT (-121.43116109584881 38.55427674646514)
ECY_LNODE104,38.55445658675582,-121.43116109613645,LOAD,BANC,47.08774,POINT (-121.43116109613645 38.55445658675582)
EDENVALE_1_N001,37.24503626216962,-121.7958386130011,LOAD,CA,47.77273,POINT (-121.7958386130011 37.24503626216962)
EDENVALE_1_N004,37.24485573772219,-121.79583861327271,LOAD,CA,47.77273,POINT (-121.79583861327271 37.24485573772219)
EDENVALE_1_N006,37.24485573772219,-121.79606538672729,LOAD,CA,47.77273,POINT (-121.79606538672729 37.24485573772219)
EDENVALE_1_N008,37.24503626216962,-121.7960653869989,LOAD,CA,47.77273,POINT (-121.7960653869989 37.24503626216962)
EDES_1_N001,37.738786999986225,-122.19371982090533,LOAD,CA,49.55805,POINT (-122.19371982090533 37.738786999986225)
EDES_1_N003,37.738786999986225,-122.19383417909467,LOAD,CA,49.55805,POINT (-122.19383417909467 37.738786999986225)
EDMON1AP_7_N001,34.986313,-118.738787,LOAD,CA,46.6662,POINT (-118.738787 34.986313)
EDMON2AP_7_N001,34.986312999950265,-118.73867680688261,LOAD,CA,46.6662,POINT (-118.73867680688261 34.986312999950265)
EDMON3AP_7_N001,34.98622271993701,-118.73867680700413,LOAD,CA,46.66141,POINT (-118.73867680700413 34.98622271993701)
EDMON3AP_7_N002,34.98615888237297,-118.73875472524391,LOAD,CA,46.66141,POINT (-118.73875472524391 34.98615888237297)
EDMON4AP_7_N001,34.98614361582445,-118.738863331203,LOAD,CA,46.66141,POINT (-118.738863331203 34.98614361582445)
EDMON4AP_7_N002,34.98617488443967,-118.73896670370384,LOAD,CA,46.66141,POINT (-118.73896670370384 34.98617488443967)
EDMON5AP_7_N001,34.98624072734969,-118.73904209487607,LOAD,CA,46.66141,POINT (-118.73904209487607 34.98624072734969)
EDMON5AP_7_N002,34.986326049781965,-118.73907810817316,LOAD,CA,46.66141,POINT (-118.73907810817316 34.986326049781965)
EDMON6AP_7_N001,34.986416194964555,-118.73907208804029,LOAD,CA,46.66141,POINT (-118.73907208804029 34.986416194964555)
EDMON6AP_7_N002,34.98649877424742,-118.73902755565565,LOAD,CA,46.66141,POINT (-118.73902755565565 34.98649877424742)
EDMON7AP_7_N001,34.98656446909455,-118.73895197200041,LOAD,CA,46.66141,POINT (-118.73895197200041 34.98656446909455)
EDMON7AP_7_N002,34.98660721032227,-118.7388549100885,LOAD,CA,46.66141,POINT (-118.7388549100885 34.98660721032227)
EDMON8AP_7_N001,34.98662398575978,-118.738746635625,LOAD,CA,46.66141,POINT (-118.738746635625 34.98662398575978)
EDMON8AP_7_N002,34.986614439197844,-118.738637059907,LOAD,CA,46.66141,POINT (-118.738637059907 34.986614439197844)
EDWARDS_1_N001,34.991871,-117.890005,LOAD,CA,48.87033,POINT (-117.890005 34.991871)
EELRIVR_6_N001,40.602658,-124.210199,LOAD,CA,44.59683,POINT (-124.210199 40.602658)
EIGHTMI_2_N017,38.058077,-121.375292,LOAD,CA,47.38952,POINT (-121.375292 38.058077)
EISENHOW_1_N001,33.830599,-116.497612,LOAD,CA,47.17875,POINT (-116.497612 33.830599)
EISEN_6_N001,35.35714,-118.97131,LOAD,CA,48.58482,POINT (-118.97131 35.35714)
ELCAJNGT_7_N001,32.795346131065216,-116.97233863745876,LOAD,CA,48.40983,POINT (-116.97233863745876 32.795346131065216)
ELCAJNGT_7_N004,32.795346131065216,-116.97244936254124,LOAD,CA,48.40025,POINT (-116.97244936254124 32.795346131065216)
ELCAPTN_1_N001,37.335801999986415,-120.50517320028958,LOAD,CA,51.67196,POINT (-120.50517320028958 37.335801999986415)
ELCAPTN_1_N004,37.335801999986415,-120.50528679971042,LOAD,CA,51.67196,POINT (-120.50528679971042 37.335801999986415)
ELCAPTN_1_N005,37.365512,-120.578993,LOAD,CA,51.67196,POINT (-120.578993 37.365512)
ELCRRTO_1_N001,37.91620499998609,-122.30313670905946,LOAD,CA,47.37959,POINT (-122.30313670905946 37.91620499998609)
ELCRRTO_1_N023,37.91620499998609,-122.30325129094054,LOAD,CA,47.37959,POINT (-122.30325129094054 37.91620499998609)
ELKCREEK_6_N001,39.12957472883464,-123.711777,LOAD,CA,46.75721,POINT (-123.711777 39.12957472883464)
ELKHIL1G_7_N001,35.22604999998747,-119.37772885850012,LOAD,CA,46.02431,POINT (-119.37772885850012 35.22604999998747)
ELKHIL2G_7_N001,35.22604999998747,-119.37783914149988,LOAD,CA,46.02431,POINT (-119.37783914149988 35.22604999998747)
ELK_6_N001,39.1294941355673,-123.71183698354646,LOAD,CA,51.34623,POINT (-123.71183698354646 39.1294941355673)
ELK_SM_LNODENE2,38.37273738362879,-121.354256944444,LOAD,BANC,47.09253,POINT (-121.354256944444 38.37273738362879)
ELK_SM_LNODENE7,38.372656308170484,-121.35419723840097,LOAD,BANC,47.09253,POINT (-121.35419723840097 38.372656308170484)
ELK_SM_LNODENE8,38.372656308170484,-121.35431665048702,LOAD,BANC,47.09253,POINT (-121.35431665048702 38.372656308170484)
ELLIOTT_6_N001,32.81585999998874,-117.08840071898302,LOAD,CA,47.54759,POINT (-117.08840071898302 32.81585999998874)
ELLIOTT_6_N004,32.81585999998874,-117.08850728101697,LOAD,CA,47.54759,POINT (-117.08850728101697 32.81585999998874)
ELLIS_6_N001,37.716505,-121.548766,LOAD,CA,47.61466,POINT (-121.548766 37.716505)
ELLIS_6_N105,33.685126,-117.943596,LOAD,CA,47.61466,POINT (-117.943596 33.685126)
ELLSGTY_1_N001,33.685294,-117.943088,LOAD,CA,47.447,POINT (-117.943088 33.685294)
ELNIDO_1_N004,37.12061299998659,-120.47270746040512,LOAD,CA,51.93063,POINT (-120.47270746040512 37.12061299998659)
ELNIDO_2_N001,37.12061299998659,-120.47282053959488,LOAD,CA,48.01704,POINT (-120.47282053959488 37.12061299998659)
ELNIDO_2_N012,33.89624399998809,-118.37271472929694,LOAD,CA,48.01704,POINT (-118.37271472929694 33.89624399998809)
ELNIDO_7_N001,33.89624399998809,-118.37282327070305,LOAD,CA,51.93063,POINT (-118.37282327070305 33.89624399998809)
ELPATIO_1_N001,37.29223717683988,-121.935913,LOAD,CA,48.88106,POINT (-121.935913 37.29223717683988)
ELPATIO_1_N006,37.29215591156547,-121.93585402427247,LOAD,CA,48.88106,POINT (-121.93585402427247 37.29215591156547)
ELPATIO_1_N015,37.29215591156547,-121.93597197572753,LOAD,CA,48.88106,POINT (-121.93597197572753 37.29215591156547)
ELV_LNODENE1,38.71426666661026,-121.47683299057677,LOAD,BANC,47.06378,POINT (-121.47683299057677 38.71426666661026)
ELV_LNODENE2,38.71418891290697,-121.47689052312896,LOAD,BANC,47.06378,POINT (-121.47689052312896 38.71418891290697)
ELV_LNODENE3,38.71418891290697,-121.47700558798303,LOAD,BANC,47.06378,POINT (-121.47700558798303 38.71418891290697)
ELV_LNODENE4,38.71426666661026,-121.47706312053523,LOAD,BANC,47.06378,POINT (-121.47706312053523 38.71426666661026)
ELV_LNODENE5,38.71434442039811,-121.4770055881082,LOAD,BANC,47.06378,POINT (-121.4770055881082 38.71434442039811)
ELV_LNODENE6,38.71434442039811,-121.4768905230038,LOAD,BANC,47.06378,POINT (-121.4768905230038 38.71434442039811)
EMBRCDR_2_N001,37.780090430972514,-122.37988558363396,LOAD,CA,48.55354,POINT (-122.37988558363396 37.780090430972514)
EMBRCDR_2_N008,37.77990956891692,-122.37988558391392,LOAD,CA,48.55354,POINT (-122.37988558391392 37.77990956891692)
EMBRCDR_2_N101,37.77990956891692,-122.38011441608609,LOAD,CA,48.55354,POINT (-122.38011441608609 37.77990956891692)
EMBRCDR_2_N104,37.780090430972514,-122.38011441636604,LOAD,CA,48.55354,POINT (-122.38011441636604 37.780090430972514)
EMRLDLE_6_N001,37.462178,-122.277933,LOAD,CA,48.34277,POINT (-122.277933 37.462178)
EMRYSVE_1_N001,39.163430999985756,-121.56151425780503,LOAD,CA,46.81948,POINT (-121.56151425780503 39.163430999985756)
EMRYSVE_1_N003,39.163430999985756,-121.56162974219497,LOAD,CA,46.81948,POINT (-121.56162974219497 39.163430999985756)
ENCINAL_6_N001,39.247383,-121.637248,LOAD,CA,47.16917,POINT (-121.637248 39.247383)
ENCINA_1_N001,33.13699513479889,-117.33531843066032,LOAD,CA,47.57634,POINT (-117.33531843066032 33.13699513479889)
ENCINA_1_N049,33.13699513479889,-117.33542956933968,LOAD,CA,47.57634,POINT (-117.33542956933968 33.13699513479889)
ENCNITAS_6_N001,33.05068472041646,-117.285325,LOAD,CA,47.89249,POINT (-117.285325 33.05068472041646)
ENCNITAS_6_N004,33.05060413977941,-117.28526949553299,LOAD,CA,47.89249,POINT (-117.28526949553299 33.05060413977941)
ENCNITAS_6_N011,33.05060413977941,-117.285380504467,LOAD,CA,47.89249,POINT (-117.285380504467 33.05060413977941)
ENSLEN_LNODEHKQ,37.65224426097517,-121.0013,LOAD,BANC,47.68172,POINT (-121.0013 37.65224426097517)
ENSLEN_LNODELOU,37.65216286949752,-121.00124064749899,LOAD,BANC,47.68172,POINT (-121.00124064749899 37.65216286949752)
ENSLEN_LNODEWFN,37.65216286949752,-121.00135935250101,LOAD,BANC,47.68172,POINT (-121.00135935250101 37.65216286949752)
ERTA_6_N001,36.930594,-121.763827,LOAD,CA,48.74036,POINT (-121.763827 36.930594)
ESCNDIDO_6_N001,33.12543545233769,-117.116857,LOAD,CA,47.31287,POINT (-117.116857 33.12543545233769)
ESCNDIDO_6_N046,33.12552499995441,-117.11696392572938,LOAD,CA,47.31287,POINT (-117.11696392572938 33.12552499995441)
ESCNDIDO_6_N053,33.12561454766245,-117.116857,LOAD,CA,47.31287,POINT (-117.116857 33.12561454766245)
ESCO_6_N001,33.115770727187964,-117.089119,LOAD,CA,47.40868,POINT (-117.089119 33.115770727187964)
ESCO_6_N004,33.11569013639368,-117.08906344744015,LOAD,CA,47.40868,POINT (-117.08906344744015 33.11569013639368)
ESQUON_6_N001,39.607876,-121.768445,LOAD,CA,46.85301,POINT (-121.768445 39.607876)
ESTGRND_1_N001,37.653951261060854,-122.403031,LOAD,CA,48.7212,POINT (-122.403031 37.653951261060854)
ESTGRND_1_N005,37.65386986945481,-122.402971646041,LOAD,CA,48.7212,POINT (-122.402971646041 37.65386986945481)
ESTGRND_1_N009,37.65386986945481,-122.403090353959,LOAD,CA,48.7212,POINT (-122.403090353959 37.65386986945481)
ESTPRTL_1_N001,37.876677,-122.186415,LOAD,CA,47.46066,POINT (-122.186415 37.876677)
ESTQNCY_6_N001,39.938128,-120.910322,LOAD,CA,43.81602,POINT (-120.910322 39.938128)
ETIWANDA_6_N001,34.0883812512724,-117.5255740237224,LOAD,CA,47.25539,POINT (-117.5255740237224 34.0883812512724)
ETIWANDA_6_N003,34.08814499998799,-117.52552751207779,LOAD,CA,47.25539,POINT (-117.52552751207779 34.08814499998799)
EUREKAA_6_N001,40.793883999984665,-124.18290627263764,LOAD,CA,44.83155,POINT (-124.18290627263764 40.793883999984665)
EUREKA_6_N001,40.793883999984665,-124.18302572736236,LOAD,CA,44.8076,POINT (-124.18302572736236 40.793883999984665)
EVRGREEN_1_N001,37.303338999986465,-121.8408102375639,LOAD,CA,48.75184,POINT (-121.8408102375639 37.303338999986465)
EVRGREEN_1_N019,37.303338999986465,-121.84092376243609,LOAD,CA,48.75184,POINT (-121.84092376243609 37.303338999986465)
EXXONBH_7_N001,38.08095331088854,-122.13762073299924,LOAD,CA,47.60987,POINT (-122.13762073299924 38.08095331088854)
FAIRGRND_LNODEDR1,37.5006945896515,-120.867048786933,LOAD,TIDC,47.48053,POINT (-120.867048786933 37.5006945896515)
FAIRGRND_LNODEDR3,37.5005735349484,-120.866718665766,LOAD,TIDC,47.49011,POINT (-120.866718665766 37.5005735349484)
FAIRGRND_LNODEDR4,37.5005721589657,-120.866803820595,LOAD,TIDC,47.49011,POINT (-120.866803820595 37.5005721589657)
FAIRGRND_LNODEDR5,37.5005181954718,-120.867051337755,LOAD,TIDC,47.48053,POINT (-120.867051337755 37.5005181954718)
FAIRGRND_LNODEDR7,37.5005718981617,-120.866887330714,LOAD,TIDC,47.49011,POINT (-120.866887330714 37.5005718981617)
FAIRGRND_LNODEDR8,37.5005716373084,-120.866970837622,LOAD,TIDC,47.48053,POINT (-120.866970837622 37.5005716373084)
FAIRHAVN_6_N001,40.80027999998463,-124.19565426654849,LOAD,CA,45.09022,POINT (-124.19565426654849 40.80027999998463)
FAIRWAY_1_N001,34.91059499998762,-120.44635292480474,LOAD,CA,48.73557,POINT (-120.44635292480474 34.91059499998762)
FAIRWAY_1_N002,34.91059499998762,-120.44646307519525,LOAD,CA,48.73557,POINT (-120.44646307519525 34.91059499998762)
FAMOSO_1_N001,35.60500099998741,-119.20248280260235,LOAD,CA,47.29371,POINT (-119.20248280260235 35.60500099998741)
FARREL_1_N001,33.85654399998807,-116.49686777574072,LOAD,CA,46.97277,POINT (-116.49686777574072 33.85654399998807)
FARREL_1_N002,33.85654399998807,-116.49697622425927,LOAD,CA,46.97277,POINT (-116.49697622425927 33.85654399998807)
FAR_SUB_LNODEONA,34.03809021316632,-118.37089113436087,LOAD,LADWP,46.762,POINT (-118.37089113436087 34.03809021316632)
FAR_SUB_LNODEONB,34.0379097867377,-118.37089113459244,LOAD,LADWP,46.762,POINT (-118.37089113459244 34.0379097867377)
FAR_SUB_LNODEONC,34.0379097867377,-118.37110886540755,LOAD,LADWP,46.762,POINT (-118.37110886540755 34.0379097867377)
FAR_SUB_LNODEOND,34.03809021316632,-118.37110886563912,LOAD,LADWP,46.762,POINT (-118.37110886563912 34.03809021316632)
FELICITA_6_N001,33.093263724336374,-117.073637,LOAD,CA,47.43742,POINT (-117.073637 33.093263724336374)
FELICITA_6_N005,33.09318313781945,-117.07358146461416,LOAD,CA,47.43742,POINT (-117.07358146461416 33.09318313781945)
FELICITA_6_N009,33.09318313781945,-117.07369253538583,LOAD,CA,47.43742,POINT (-117.07369253538583 33.09318313781945)
FELLOWSG_7_N001,35.195188999987465,-119.58505586292793,LOAD,CA,46.55123,POINT (-119.58505586292793 35.195188999987465)
FIGARDN_2_N001,36.8220309999868,-119.85852484727552,LOAD,CA,50.73308,POINT (-119.85852484727552 36.8220309999868)
FIGARDN_2_N101,36.8220309999868,-119.85863715272448,LOAD,CA,50.7235,POINT (-119.85863715272448 36.8220309999868)
FINNEY_LNODESNV,37.627520677678156,-120.9751667,LOAD,BANC,47.70088,POINT (-120.9751667 37.627520677678156)
FIREBAGH_6_N001,36.850688,-120.466577,LOAD,CA,49.64571,POINT (-120.466577 36.850688)
FIREHOUS_LNODEBUSH,34.8569,-114.6245,LOAD,WALC,45.75606,POINT (-114.6245 34.8569)
FIY_LNODE0LD,38.762778,-121.356944,LOAD,BANC,47.0542,POINT (-121.356944 38.762778)
FLINT_1_N001,38.88530299998586,-121.06669540924167,LOAD,CA,46.79553,POINT (-121.06669540924167 38.88530299998586)
FMC_1_N001,37.347699999986396,-121.92219018683774,LOAD,CA,49.04333,POINT (-121.92219018683774 37.347699999986396)
FMC_1_N003,37.347699999986396,-121.92230381316226,LOAD,CA,49.04333,POINT (-121.92230381316226 37.347699999986396)
FOOTHILL_1_N001,35.27,-120.7,LOAD,CA,48.24217,POINT (-120.7 35.27)
FORSTHL_6_N001,39.01927,-120.830271,LOAD,CA,48.4721,POINT (-120.830271 39.01927)
FORTORD_6_N001,36.643363,-121.792138,LOAD,CA,48.30445,POINT (-121.792138 36.643363)
FORTRSS_6_N001,38.539559,-123.223713,LOAD,CA,47.83789,POINT (-123.223713 38.539559)
FOSTERW_7_N001,38.02007534657929,-122.06127131707333,LOAD,CA,46.85914,POINT (-122.06127131707333 38.02007534657929)
FRANKLIN_6_N003,38.012317,-122.264655,LOAD,CA,47.66712,POINT (-122.264655 38.012317)
FRA_SM_LNODENE1,38.38101134187077,-121.4768906014164,LOAD,BANC,47.09253,POINT (-121.4768906014164 38.38101134187077)
FRA_SM_LNODENE2,38.380933333277234,-121.47683314740071,LOAD,BANC,47.09253,POINT (-121.47683314740071 38.380933333277234)
FRA_SM_LNODENE3,38.38085532476781,-121.47689060154032,LOAD,BANC,47.09253,POINT (-121.47689060154032 38.38085532476781)
FRA_SM_LNODENE4,38.38085532476781,-121.47700550957168,LOAD,BANC,47.09253,POINT (-121.47700550957168 38.38085532476781)
FRA_SM_LNODENE5,38.380933333277234,-121.47706296371129,LOAD,BANC,47.09253,POINT (-121.47706296371129 38.380933333277234)
FRA_SM_LNODENE6,38.38101134187077,-121.4770055096956,LOAD,BANC,47.09253,POINT (-121.4770055096956 38.38101134187077)
FREDONIA_LNODELD,34.1733,-114.574,LOAD,WALC,45.57403,POINT (-114.574 34.1733)
FREMNT_1_N001,37.54118124868743,-121.962063,LOAD,CA,48.51544,POINT (-121.962063 37.54118124868743)
FREMNT_1_N007,37.54109987564155,-121.96200374944321,LOAD,CA,48.51544,POINT (-121.96200374944321 37.54109987564155)
FREMNT_1_N013,37.54109987564155,-121.96212225055679,LOAD,CA,48.51544,POINT (-121.96212225055679 37.54109987564155)
FRIARS_1_N001,32.77904499998872,-117.15675673371696,LOAD,CA,47.38473,POINT (-117.15675673371696 32.77904499998872)
FRIARS_1_N009,32.77904499998872,-117.15686326628304,LOAD,CA,47.38473,POINT (-117.15686326628304 32.77904499998872)
FRNCHGLH_6_N001,40.68692,-122.641204,LOAD,CA,46.40753,POINT (-122.641204 40.68692)
FROGTOWN_7_N001,38.056504,-120.53381,LOAD,CA,42.56099,POINT (-120.53381 38.056504)
FRTSWRD_6_N001,40.21377199998503,-123.59658599020719,LOAD,CA,48.71641,POINT (-123.59658599020719 40.21377199998503)
FRUITLND_6_N001,40.28584,-123.837372,LOAD,CA,47.92123,POINT (-123.837372 40.28584)
FRUITVLE_6_N001,35.376774999987504,-119.0924868388967,LOAD,CA,47.1271,POINT (-119.0924868388967 35.376774999987504)
FRUITVLE_6_N101,35.376774999987504,-119.09259716110328,LOAD,CA,47.1271,POINT (-119.09259716110328 35.376774999987504)
FSTREET_LNODEDR1,37.4895796064313,-120.838424090027,LOAD,TIDC,47.49011,POINT (-120.838424090027 37.4895796064313)
FSTREET_LNODEDR3,37.4896984214952,-120.838270217479,LOAD,TIDC,47.48053,POINT (-120.838270217479 37.4896984214952)
FSTREET_LNODEDR4,37.4896152090171,-120.838173674241,LOAD,TIDC,47.48053,POINT (-120.838173674241 37.4896152090171)
FSTREET_LNODEDR5,37.4894938869083,-120.83833925837,LOAD,TIDC,47.49011,POINT (-120.83833925837 37.4894938869083)
FTCHMTN_6_N001,38.60608399998592,-122.85282549557644,LOAD,CA,47.81861,POINT (-122.85282549557644 38.60608399998592)
FTCHMTN_6_N003,38.60608399998592,-122.85294050442356,LOAD,CA,47.81861,POINT (-122.85294050442356 38.60608399998592)
FTL_LNODENE1,38.69308721315885,-121.348651111111,LOAD,BANC,47.06857,POINT (-121.348651111111 38.69308721315885)
FTL_LNODENE2,38.693006393405355,-121.34859132777218,LOAD,BANC,47.06857,POINT (-121.34859132777218 38.693006393405355)
FTL_LNODENE3,38.693006393405355,-121.34871089444981,LOAD,BANC,47.06857,POINT (-121.34871089444981 38.693006393405355)
FULTON_2_N010,38.49657200829278,-122.75943026543568,LOAD,CA,46.64046,POINT (-122.75943026543568 38.49657200829278)
FULTON_2_N049,38.49657200829278,-122.75954973456432,LOAD,CA,46.64046,POINT (-122.75954973456432 38.49657200829278)
F_6_N001,32.75497274686537,-117.126027,LOAD,CA,47.67214,POINT (-117.126027 32.75497274686537)
F_6_N002,32.75489212655523,-117.12597165333155,LOAD,CA,47.67214,POINT (-117.12597165333155 32.75489212655523)
F_6_N005,32.75489212655523,-117.12608234666845,LOAD,CA,47.67214,POINT (-117.12608234666845 32.75489212655523)
GABILAN_6_N001,36.731511,-121.61325,LOAD,CA,48.74036,POINT (-121.61325 36.731511)
GALE_1_N001,34.85946599998758,-116.86535894183864,LOAD,CA,46.11684,POINT (-116.86535894183864 34.85946599998758)
GANSNER_6_N101,39.939187,-120.948157,LOAD,CA,44.23756,POINT (-120.948157 39.939187)
GANSO_1_N001,35.501698,-119.449132,LOAD,CA,46.46501,POINT (-119.449132 35.501698)
GARCIA_6_N001,38.88879,-123.550318,LOAD,CA,51.56179,POINT (-123.550318 38.88879)
GAREY_1_N002,34.98,-120.26,LOAD,CA,48.58707,POINT (-120.26 34.98)
GARFIELD_6_N001,32.795125,-116.996848,LOAD,CA,48.10805,POINT (-116.996848 32.795125)
GARNET_7_N001,33.93858299995228,-116.57633536031197,LOAD,CA,46.89134,POINT (-116.57633536031197 33.93858299995228)
GEER_LNODEDR1,37.52250334748,-120.843709746797,LOAD,TIDC,47.48053,POINT (-120.843709746797 37.52250334748)
GEER_LNODEDR2,37.5224993081714,-120.843588348711,LOAD,TIDC,47.48053,POINT (-120.843588348711 37.5224993081714)
GEER_LNODEDR3,37.5224318250334,-120.843496861832,LOAD,TIDC,47.48053,POINT (-120.843496861832 37.5224318250334)
GEER_LNODEDR4,37.5224297824039,-120.843426269924,LOAD,TIDC,47.48053,POINT (-120.843426269924 37.5224297824039)
GEER_LNODEDR5,37.5224263420376,-120.843557323915,LOAD,TIDC,47.48053,POINT (-120.843557323915 37.5224263420376)
GEER_LNODEDR7,37.5224225565731,-120.843630755159,LOAD,TIDC,47.48053,POINT (-120.843630755159 37.5224225565731)
GEER_LNODEDR8,37.522425898329,-120.843709042834,LOAD,TIDC,47.48053,POINT (-120.843709042834 37.522425898329)
GENESEE_6_N001,32.87974054062765,-117.2133823800825,LOAD,CA,47.92602,POINT (-117.2133823800825 32.87974054062765)
GENESEE_6_N005,32.87956145928191,-117.21338238029792,LOAD,CA,47.92602,POINT (-117.21338238029792 32.87956145928191)
GENESEE_6_N011,32.87956145928191,-117.21359561970208,LOAD,CA,47.92602,POINT (-117.21359561970208 32.87956145928191)
GENESEE_6_N015,32.87974054062765,-117.2135956199175,LOAD,CA,47.92602,POINT (-117.2135956199175 32.87974054062765)
GENE_2_N001,34.3,-114.23,LOAD,CA,48.60144,POINT (-114.23 34.3)
GERBER_6_N101,40.064207,-122.156114,LOAD,CA,47.2506,POINT (-122.156114 40.064207)
GEYSR5-6_7_N001,38.777006613720275,-122.74238837921152,LOAD,CA,44.25193,POINT (-122.74238837921152 38.777006613720275)
GIFFEN_6_N001,36.545076,-120.334519,LOAD,CA,49.18585,POINT (-120.334519 36.545076)
GILROYF_1_N001,37.14,-121.58,LOAD,CA,48.44336,POINT (-121.58 37.14)
GILSTRAP_LNODEDR1,37.5800948624588,-120.975549487551,LOAD,TIDC,47.48053,POINT (-120.975549487551 37.5800948624588)
GILSTRAP_LNODEDR3,37.5801662132492,-120.9757670064,LOAD,TIDC,47.49011,POINT (-120.9757670064 37.5801662132492)
GILSTRAP_LNODEDR5,37.5799830759229,-120.975550499689,LOAD,TIDC,47.48053,POINT (-120.975550499689 37.5799830759229)
GILSTRAP_LNODEDR7,37.58017229934,-120.975552395649,LOAD,TIDC,47.48053,POINT (-120.975552395649 37.58017229934)
GILSTRAP_LNODEDR8,37.5801700030066,-120.975645212521,LOAD,TIDC,47.49011,POINT (-120.975645212521 37.5801700030066)
GILSTRAP_LNODER17,37.5801611951015,-120.976018315921,LOAD,TIDC,47.49011,POINT (-120.976018315921 37.5801611951015)
GIRVAN_6_N001,40.51347,-122.378916,LOAD,CA,46.77637,POINT (-122.378916 40.51347)
GLENCLIF_6_N001,32.798367,-116.498315,LOAD,CA,47.40868,POINT (-116.498315 32.798367)
GLENSHIR_LNODERE,39.352238,-120.08626,LOAD,NV,45.75127,POINT (-120.08626 39.352238)
GLENWOOD_6_N001,37.45733023092607,-122.186967,LOAD,CA,48.84095,POINT (-122.186967 37.45733023092607)
GLENWOOD_6_N004,37.457248884522265,-122.18690783531744,LOAD,CA,48.84095,POINT (-122.18690783531744 37.457248884522265)
GLENWOOD_6_N005,37.457248884522265,-122.18702616468256,LOAD,CA,48.84095,POINT (-122.18702616468256 37.457248884522265)
GLRYCGG1_7_N001,37.12999999998655,-121.5600565514771,LOAD,CA,48.45294,POINT (-121.5600565514771 37.12999999998655)
GOLDTREE_1_N001,35.32012199998752,-120.69284284611503,LOAD,CA,48.24697,POINT (-120.69284284611503 35.32012199998752)
GOLDTREE_1_N002,35.32012199998752,-120.69295315388497,LOAD,CA,48.24697,POINT (-120.69295315388497 35.32012199998752)
GOLETA_6_N200,34.46880142976412,-119.88445868708224,LOAD,CA,49.1092,POINT (-119.88445868708224 34.46880142976412)
GONZALES_6_N001,36.50885299998702,-121.44685522795733,LOAD,CA,49.11878,POINT (-121.44685522795733 36.50885299998702)
GONZALES_6_N003,36.50885299998702,-121.44696677204267,LOAD,CA,49.11878,POINT (-121.44696677204267 36.50885299998702)
GORMAN_6_N001,34.8014,-118.818908,LOAD,CA,46.98235,POINT (-118.818908 34.8014)
GOSELKE_1_N001,35.601596,-119.579654,LOAD,CA,46.82906,POINT (-119.579654 35.601596)
GOULD_2_N001,34.22145799998786,-118.18701737338756,LOAD,CA,47.16917,POINT (-118.18701737338756 34.22145799998786)
GOULD_2_N007,34.22145799998786,-118.18712662661244,LOAD,CA,47.16917,POINT (-118.18712662661244 34.22145799998786)
GRANDIS_1_N004,38.23108199998597,-121.59029758372996,LOAD,CA,47.37515,POINT (-121.59029758372996 38.23108199998597)
GRANDIS_1_N009,38.23108199998597,-121.59041241627003,LOAD,CA,47.37515,POINT (-121.59041241627003 38.23108199998597)
GRANITE_6_N001,32.804473,-116.92086,LOAD,CA,47.67693,POINT (-116.92086 32.804473)
GRANITE_6_N007,32.804472999954854,-116.9207534473782,LOAD,CA,47.67693,POINT (-116.9207534473782 32.804472999954854)
GRANITE_6_N008,32.80438343993102,-116.92086,LOAD,CA,47.67693,POINT (-116.92086 32.80438343993102)
GRANITE_6_N009,32.804472999954854,-116.92096655262179,LOAD,CA,47.72962,POINT (-116.92096655262179 32.804472999954854)
GRANTRK_6_N001,37.67099326174171,-122.160116,LOAD,CA,49.07088,POINT (-122.160116 37.67099326174171)
GRANT_1_N001,37.67091186911436,-122.16005663166834,LOAD,CA,45.11674,POINT (-122.16005663166834 37.67091186911436)
GRANT_1_N005,37.67091186911436,-122.16017536833166,LOAD,CA,45.11674,POINT (-122.16017536833166 37.67091186911436)
GRBRVLLE_6_N001,40.10263,-123.792873,LOAD,CA,49.76546,POINT (-123.792873 40.10263)
GRDNEAST_1_N101,36.47999999998696,-119.60994425959105,LOAD,CA,50.53189,POINT (-119.60994425959105 36.47999999998696)
GRDNEAST_1_N102,36.47999999998696,-119.61005574040897,LOAD,CA,50.53189,POINT (-119.61005574040897 36.47999999998696)
GRDNWEST_1_N001,36.59,-119.57,LOAD,CA,50.50315,POINT (-119.57 36.59)
GREENBRE_6_N001,37.93780399998614,-122.51415869769995,LOAD,CA,47.90998,POINT (-122.51415869769995 37.93780399998614)
GREENBRE_6_N003,37.93780399998614,-122.51427330230004,LOAD,CA,47.90998,POINT (-122.51427330230004 37.93780399998614)
GRIMWAY_1_N001,35.27,-118.87,LOAD,CA,47.11648,POINT (-118.87 35.27)
GRNTHLL_1_N001,32.80456256006898,-116.92086,LOAD,CA,47.26976,POINT (-116.92086 32.80456256006898)
GRNVALY_1_N001,36.952139010813255,-121.76018,LOAD,CA,48.51043,POINT (-121.76018 36.952139010813255)
GRNVALY_1_N011,36.95205799457908,-121.76012146857028,LOAD,CA,48.51043,POINT (-121.76012146857028 36.95205799457908)
GRSSVLY_6_N101,39.209514,-121.061004,LOAD,CA,46.94403,POINT (-121.061004 39.209514)
GRYSFLT_6_N001,40.021612,-121.065532,LOAD,CA,44.04116,POINT (-121.065532 40.021612)
GUALALA_6_N001,38.786699,-123.522777,LOAD,CA,51.60011,POINT (-123.522777 38.786699)
GUSTINE_6_N001,37.253223999986524,-121.01302629664288,LOAD,CA,50.92948,POINT (-121.01302629664288 37.253223999986524)
GUSTINE_6_N002,37.253223999986524,-121.01313970335713,LOAD,CA,50.92948,POINT (-121.01313970335713 37.253223999986524)
GYSRVLLE_6_N001,38.70981887157317,-122.907957,LOAD,CA,48.08207,POINT (-122.907957 38.70981887157317)
GYSRVLLE_6_N003,38.70973806419826,-122.90789721183104,LOAD,CA,48.08207,POINT (-122.90789721183104 38.70973806419826)
HALSEYF_7_N001,38.90131699998584,-121.08772559737287,LOAD,CA,46.82427,POINT (-121.08772559737287 38.90131699998584)
HAL_SUB_LNODEON1,33.84769999998815,-118.30334578612137,LOAD,LADWP,46.75242,POINT (-118.30334578612137 33.84769999998815)
HAL_SUB_LNODEONA,33.84769999998815,-118.30345421387864,LOAD,LADWP,46.75721,POINT (-118.30345421387864 33.84769999998815)
HAMILTON_6_N001,39.746242,-122.011361,LOAD,CA,47.77752,POINT (-122.011361 39.746242)
HAMMER_6_N001,38.02138220754234,-121.320367,LOAD,CA,47.79669,POINT (-121.320367 38.02138220754234)
HAMMER_6_N003,38.02130089621381,-121.32030740848892,LOAD,CA,47.79669,POINT (-121.32030740848892 38.02130089621381)
HAMMER_6_N004,38.02130089621381,-121.32042659151108,LOAD,CA,47.79669,POINT (-121.32042659151108 38.02130089621381)
HAMMONDS_1_N001,36.72011,-120.603287,LOAD,CA,47.70088,POINT (-120.603287 36.72011)
HARBORG_7_N101,33.770089981295506,-118.25010824500784,LOAD,CA,47.86375,POINT (-118.25010824500784 33.770089981295506)
HARDING_6_N001,37.963708999986125,-121.29050568468435,LOAD,CA,47.55718,POINT (-121.29050568468435 37.963708999986125)
HARDING_6_N004,37.963708999986125,-121.29062031531565,LOAD,CA,47.55718,POINT (-121.29062031531565 37.963708999986125)
HARDWICK_6_N001,36.404261,-119.68624,LOAD,CA,50.70913,POINT (-119.68624 36.404261)
HARRIS_6_N001,40.78104299998464,-124.13194328500423,LOAD,CA,44.79323,POINT (-124.13194328500423 40.78104299998464)
HARRIS_6_N003,40.78104299998464,-124.13206271499577,LOAD,CA,44.79323,POINT (-124.13206271499577 40.78104299998464)
HARTER_6_N001,39.14325399998575,-121.6480072716394,LOAD,CA,47.08774,POINT (-121.6480072716394 39.14325399998575)
HARTER_6_N003,39.14325399998575,-121.6481227283606,LOAD,CA,47.08774,POINT (-121.6481227283606 39.14325399998575)
HARTLEY_6_N001,39.077268,-122.932322,LOAD,CA,47.08774,POINT (-122.932322 39.077268)
HAR_GS_LNODE10AUX,33.77070285420546,-118.26588005129787,LOAD,LADWP,46.75242,POINT (-118.26588005129787 33.77070285420546)
HAR_GS_LNODE11AUX,33.770785160786886,-118.2658363056699,LOAD,LADWP,46.75242,POINT (-118.2658363056699 33.770785160786886)
HAR_GS_LNODE12AUX,33.77085063868779,-118.26576205737284,LOAD,LADWP,46.75242,POINT (-118.26576205737284 33.77085063868779)
HAR_GS_LNODE13AUX,33.770893238769126,-118.26566671029164,LOAD,LADWP,46.75242,POINT (-118.26566671029164 33.770893238769126)
HAR_GS_LNODE14AUX,33.77090995880947,-118.26556034876025,LOAD,LADWP,46.75242,POINT (-118.26556034876025 33.77090995880947)
HAR_GS_LNODE1AUX,33.770900443776654,-118.26545270896402,LOAD,LADWP,46.75242,POINT (-118.26545270896402 33.770900443776654)
HAR_GS_LNODE2AUX,33.770866485380765,-118.26535246672638,LOAD,LADWP,46.75242,POINT (-118.26535246672638 33.770866485380765)
HAR_GS_LNODE5AUX,33.77081149182394,-118.26526678898045,LOAD,LADWP,46.75242,POINT (-118.26526678898045 33.77081149182394)
HAR_SUB_LNODEONA,33.77073997374512,-118.26520109800133,LOAD,LADWP,46.75242,POINT (-118.26520109800133 33.77073997374512)
HAR_SUB_LNODEONB,33.77065707494083,-118.26515900180253,LOAD,LADWP,46.75242,POINT (-118.26515900180253 33.77065707494083)
HAR_SUB_LNODEONC,33.77056816417163,-118.26514234955444,LOAD,LADWP,46.75242,POINT (-118.26514234955444 33.77056816417163)
HATTON_6_N001,36.55679,-121.897162,LOAD,CA,48.31882,POINT (-121.897162 36.55679)
HAWKINS_LNODEDR1,37.5799617816957,-120.645598336747,LOAD,TIDC,47.43742,POINT (-120.645598336747 37.5799617816957)
HAWKINS_LNODEDR3,37.5799481743814,-120.645311774451,LOAD,TIDC,47.447,POINT (-120.645311774451 37.5799481743814)
HAWKINS_LNODEDR5,37.5798175544824,-120.645562968772,LOAD,TIDC,47.43742,POINT (-120.645562968772 37.5798175544824)
HAWKINS_LNODEDR7,37.5799502934699,-120.645479899093,LOAD,TIDC,47.447,POINT (-120.645479899093 37.5799502934699)
HAY_GS_LNODE10AUX,33.765034221459466,-118.09919670179296,LOAD,LADWP,46.762,POINT (-118.09919670179296 33.765034221459466)
HAY_GS_LNODE12AUX,33.76505094051277,-118.09909035381168,LOAD,LADWP,46.762,POINT (-118.09909035381168 33.76505094051277)
HAY_GS_LNODE14AUX,33.765041426041684,-118.09898272772843,LOAD,LADWP,46.762,POINT (-118.09898272772843 33.765041426041684)
HAY_GS_LNODE15AUX,33.7650074696504,-118.0988824982613,LOAD,LADWP,46.762,POINT (-118.0988824982613 33.7650074696504)
HAY_GS_LNODE9AUX,33.7649524793399,-118.09879683143038,LOAD,LADWP,46.762,POINT (-118.09879683143038 33.7649524793399)
HAY_LNODESS1,33.76488096548275,-118.09873114881994,LOAD,LADWP,46.762,POINT (-118.09873114881994 33.76488096548275)
HAY_LNODESS2,33.76479807157197,-118.09868905798392,LOAD,LADWP,46.762,POINT (-118.09868905798392 33.76479807157197)
HED_LNODENE1,38.50998333333333,-121.355746944444,LOAD,BANC,47.09253,POINT (-121.355746944444 38.50998333333333)
HED_LNODENE2,38.50998333327719,-121.35563197930773,LOAD,BANC,47.09253,POINT (-121.35563197930773 38.50998333327719)
HED_LNODENE3,38.50989337309517,-121.35563197945136,LOAD,BANC,47.09253,POINT (-121.35563197945136 38.50989337309517)
HED_LNODENE4,38.50982976169183,-121.355713272007,LOAD,BANC,47.09253,POINT (-121.355713272007 38.50982976169183)
HED_LNODENE5,38.50981454922492,-121.35582658122124,LOAD,BANC,47.09253,POINT (-121.35582658122124 38.50981454922492)
HED_LNODENE6,38.509845707051696,-121.35593443034743,LOAD,BANC,47.09253,POINT (-121.35593443034743 38.509845707051696)
HED_LNODENE7,38.509911316684935,-121.35601308641768,LOAD,BANC,47.09253,POINT (-121.35601308641768 38.509911316684935)
HED_LNODENE8,38.50999633683837,-121.3560506593429,LOAD,BANC,47.09253,POINT (-121.3560506593429 38.50999633683837)
HENRITTA_6_N101,36.24160599998715,-119.9029965105001,LOAD,CA,48.65413,POINT (-119.9029965105001 36.24160599998715)
HERDLYN_6_N001,37.816383,-121.586176,LOAD,CA,47.37515,POINT (-121.586176 37.816383)
HERSHEY_LNODESLL,37.75083,-120.8453,LOAD,BANC,47.82543,POINT (-120.8453 37.75083)
HERSHEY_LNODEXF1,37.7508299999447,-120.8451856244636,LOAD,BANC,47.82543,POINT (-120.8451856244636 37.7508299999447)
HERSHEY_LNODEXF2,37.75073956547022,-120.8453,LOAD,BANC,47.82543,POINT (-120.8453 37.75073956547022)
HERSHEY_LNODEXF3,37.7508299999447,-120.84541437553641,LOAD,BANC,47.82543,POINT (-120.84541437553641 37.7508299999447)
HERSHEY_LNODEXF4,37.750920434529704,-120.8453,LOAD,BANC,47.82543,POINT (-120.8453 37.750920434529704)
HICKS_2_N001,37.234159254320986,-121.90015163922017,LOAD,CA,47.81106,POINT (-121.90015163922017 37.234159254320986)
HICKS_2_N002,37.23397874557105,-121.9001516394916,LOAD,CA,47.81106,POINT (-121.9001516394916 37.23397874557105)
HICKS_2_N007,37.23397874557105,-121.90037836050841,LOAD,CA,47.81106,POINT (-121.90037836050841 37.23397874557105)
HIDESERT_2_N001,34.145263999987954,-116.18586145110677,LOAD,CA,47.0542,POINT (-116.18586145110677 34.145263999987954)
HIDESERT_2_N018,34.145263999987954,-116.18597054889322,LOAD,CA,47.0542,POINT (-116.18597054889322 34.145263999987954)
HIGGINS_1_N001,39.043590575891166,-121.09071766620363,LOAD,CA,46.24466,POINT (-121.09071766620363 39.043590575891166)
HIGGINS_1_N002,39.04341142399536,-121.0907176664961,LOAD,CA,46.24466,POINT (-121.0907176664961 39.04341142399536)
HIGGINS_1_N004,39.04341142399536,-121.09094833350389,LOAD,CA,46.24466,POINT (-121.09094833350389 39.04341142399536)
HIGHLD_1_N001,38.93741777608508,-122.609034,LOAD,CA,45.18602,POINT (-122.609034 38.93741777608508)
HIGHLD_1_N005,38.937337111942234,-122.60909387327588,LOAD,CA,45.18602,POINT (-122.60909387327588 38.937337111942234)
HIGHWAY_1_N001,38.166048151820924,-122.253616,LOAD,CA,47.59383,POINT (-122.253616 38.166048151820924)
HIGHWAY_1_N002,38.16596692407439,-122.25355635179834,LOAD,CA,47.59383,POINT (-122.25355635179834 38.16596692407439)
HILLSDLE_6_N001,37.536271,-122.322394,LOAD,CA,48.33798,POINT (-122.322394 37.536271)
HILLSIDE_1_N001,37.879999999986126,-122.23994272916374,LOAD,CA,47.25014,POINT (-122.23994272916374 37.879999999986126)
HILLSIDE_1_N004,37.879999999986126,-122.24005727083625,LOAD,CA,47.25014,POINT (-122.24005727083625 37.879999999986126)
HILMAR_LNODEDR1,37.4189785637285,-120.849304571346,LOAD,TIDC,47.49011,POINT (-120.849304571346 37.4189785637285)
HILMAR_LNODEDR2,37.4188603223578,-120.849075716434,LOAD,TIDC,47.4949,POINT (-120.849075716434 37.4188603223578)
HILMAR_LNODEDR4,37.4189333711687,-120.849077780203,LOAD,TIDC,47.49011,POINT (-120.849077780203 37.4189333711687)
HILMAR_LNODEDR5,37.4188652133943,-120.849148221032,LOAD,TIDC,47.4949,POINT (-120.849148221032 37.4188652133943)
HILMAR_LNODEDR7,37.4188555229834,-120.849223847561,LOAD,TIDC,47.4949,POINT (-120.849223847561 37.4188555229834)
HILMAR_LNODER17,37.4189123657556,-120.849307362712,LOAD,TIDC,47.49011,POINT (-120.849307362712 37.4189123657556)
HINSON_6_N001,33.81885999995258,-118.22236564005779,LOAD,CA,47.87812,POINT (-118.22236564005779 33.81885999995258)
HLFMNBY_6_N002,37.46874323375435,-122.43018,LOAD,CA,48.55833,POINT (-122.43018 37.46874323375435)
HLFMNBY_6_N004,37.46866188310803,-122.43012082319957,LOAD,CA,48.55833,POINT (-122.43012082319957 37.46866188310803)
HLFMNBY_6_N101,37.46866188310803,-122.43023917680043,LOAD,CA,48.55833,POINT (-122.43023917680043 37.46866188310803)
HMBLTBY_6_N003,40.78280899998469,-124.11247771670773,LOAD,CA,44.57767,POINT (-124.11247771670773 40.78280899998469)
HOBARTTP_LNODE19,39.400047,-120.149888,LOAD,NV,45.6363,POINT (-120.149888 39.400047)
HOLLISTR_1_N001,36.862728962246265,-121.405867,LOAD,CA,48.70683,POINT (-121.405867 36.862728962246265)
HOLLISTR_1_N004,36.86264801886252,-121.40580858969733,LOAD,CA,48.70683,POINT (-121.40580858969733 36.86264801886252)
HOLLISTR_1_N101,36.86264801886252,-121.40592541030266,LOAD,CA,48.70683,POINT (-121.40592541030266 36.86264801886252)
HOMEGRND_1_N001,38.96,-122.84,LOAD,CA,45.17165,POINT (-122.84 38.96)
HOMEPROC_1_N001,38.94,-122.85,LOAD,CA,45.16686,POINT (-122.85 38.94)
HONCUT_1_N001,39.320099,-121.595289,LOAD,CA,46.81948,POINT (-121.595289 39.320099)
HOOPA_6_N001,41.056514,-123.682252,LOAD,CA,46.70931,POINT (-123.682252 41.056514)
HORSESHE_1_N001,38.744281999985915,-121.16156545871566,LOAD,CA,46.91529,POINT (-121.16156545871566 38.744281999985915)
HORSESHE_1_N002,38.744281999985915,-121.16168054128434,LOAD,CA,46.91529,POINT (-121.16168054128434 38.744281999985915)
HPLNDJT_6_N001,38.972898,-123.081134,LOAD,CA,54.69,POINT (-123.081134 38.972898)
HSK_LA_LNODEKSS,34.487,-118.514,LOAD,LADWP,46.69015,POINT (-118.514 34.487)
HUGHSON_LNODEDR1,37.5949433309328,-120.846755674049,LOAD,TIDC,47.45658,POINT (-120.846755674049 37.5949433309328)
HUGHSON_LNODEDR2,37.5949478453779,-120.846639431615,LOAD,TIDC,47.45179,POINT (-120.846639431615 37.5949478453779)
HUGHSON_LNODEDR3,37.5948895849844,-120.846669736494,LOAD,TIDC,47.45179,POINT (-120.846669736494 37.5948895849844)
HUGHSON_LNODEDR4,37.5949564824944,-120.846831604577,LOAD,TIDC,47.45658,POINT (-120.846831604577 37.5949564824944)
HUGHSON_LNODEDR5,37.594883530932,-120.846800432358,LOAD,TIDC,47.45658,POINT (-120.846800432358 37.594883530932)
HUGHSON_LNODEDR8,37.5948895004896,-120.84669840193,LOAD,TIDC,47.45179,POINT (-120.84669840193 37.5948895004896)
HUNT1G_7_N002,33.64610399995311,-117.97753404459904,LOAD,CA,47.60987,POINT (-117.97753404459904 33.64610399995311)
HUNT2G_7_N002,33.645950581890766,-117.97761038065147,LOAD,CA,47.60987,POINT (-117.97761038065147 33.645950581890766)
HUNT3G_7_N002,33.64596651133317,-117.97781805443613,LOAD,CA,47.60987,POINT (-117.97781805443613 33.64596651133317)
HUNT4G_7_N002,33.646116990569396,-117.97792719657157,LOAD,CA,47.60987,POINT (-117.97792719657157 33.646116990569396)
HURLEY_LNODE12LD3,38.587283,-121.418244,LOAD,SRP,45.50697,POINT (-121.418244 38.587283)
HURON_6_N001,36.185797,-120.104535,LOAD,CA,47.17396,POINT (-120.104535 36.185797)
HUR_LNODENE1,38.58818333333333,-121.418666944444,LOAD,BANC,47.08774,POINT (-121.418666944444 38.58818333333333)
HUR_LNODENE2,38.58818333327699,-121.41855194404475,LOAD,BANC,47.08774,POINT (-121.41855194404475 38.58818333327699)
HUR_LNODENE3,38.58810548632912,-121.41860944430671,LOAD,BANC,47.08774,POINT (-121.41860944430671 38.58810548632912)
HUR_LNODENE4,38.58810548632912,-121.41872444458129,LOAD,BANC,47.08774,POINT (-121.41872444458129 38.58810548632912)
HUR_LNODENE5,38.58818333327699,-121.41878194484326,LOAD,BANC,47.08774,POINT (-121.41878194484326 38.58818333327699)
HUR_LNODENE7,38.58826118030932,-121.41872444470597,LOAD,BANC,47.08774,POINT (-121.41872444470597 38.58826118030932)
HUR_LNODENE8,38.58826118030932,-121.41860944418204,LOAD,BANC,47.08774,POINT (-121.41860944418204 38.58826118030932)
HWD_SUB_LNODEONA,34.088090251059334,-118.34689102435425,LOAD,LADWP,46.762,POINT (-118.34689102435425 34.088090251059334)
HWD_SUB_LNODEONB,34.0879097488445,-118.34689102458658,LOAD,LADWP,46.762,POINT (-118.34689102458658 34.0879097488445)
HWD_SUB_LNODEONC,34.0879097488445,-118.34710897541342,LOAD,LADWP,46.762,POINT (-118.34710897541342 34.0879097488445)
HWD_SUB_LNODEOND,34.088090251059334,-118.34710897564575,LOAD,LADWP,46.762,POINT (-118.34710897564575 34.088090251059334)
HYATT_2_N212,39.54,-121.47,LOAD,CA,46.49854,POINT (-121.47 39.54)
IBM-CTLE_1_N001,37.33,-121.74,LOAD,CA,47.77752,POINT (-121.74 37.33)
IBM-HRRS_1_N001,37.339999999986375,-121.73994319553019,LOAD,CA,47.72483,POINT (-121.73994319553019 37.339999999986375)
IBM-HRRS_1_N101,37.339999999986375,-121.74005680446982,LOAD,CA,47.72483,POINT (-121.74005680446982 37.339999999986375)
IGNACIO_1_N102,38.07555099998604,-122.54000436436782,LOAD,CA,46.99984,POINT (-122.54000436436782 38.07555099998604)
IMHOFF_1_N001,38.001509,-122.066739,LOAD,CA,46.94967,POINT (-122.066739 38.001509)
IMPRLBCH_6_N001,32.58332899998902,-117.09716179037093,LOAD,CA,47.61466,POINT (-117.09716179037093 32.58332899998902)
IMPRLBCH_6_N004,32.58332899998902,-117.09726820962906,LOAD,CA,47.61466,POINT (-117.09726820962906 32.58332899998902)
INDIANW_1_N001,33.75822999998817,-116.36079489140164,LOAD,CA,46.81469,POINT (-116.36079489140164 33.75822999998817)
INDIANW_1_N005,33.75822999998817,-116.36090310859835,LOAD,CA,46.81469,POINT (-116.36090310859835 33.75822999998817)
INDNFLT_6_N001,37.66547,-119.841331,LOAD,CA,54.28263,POINT (-119.841331 37.66547)
INDUSTRL_LNODEDR1,37.4786063003132,-120.866935168966,LOAD,TIDC,47.49011,POINT (-120.866935168966 37.4786063003132)
INDUSTRL_LNODEDR2,37.4784258031614,-120.866836967643,LOAD,TIDC,47.49969,POINT (-120.866836967643 37.4784258031614)
INDUSTRL_LNODEDR3,37.4784244272802,-120.866662034426,LOAD,TIDC,47.49969,POINT (-120.866662034426 37.4784244272802)
INDUSTRL_LNODEDR5,37.4785292936467,-120.866935824384,LOAD,TIDC,47.49011,POINT (-120.866935824384 37.4785292936467)
INDUSTRL_LNODEDR7,37.4784403782944,-120.866928290638,LOAD,TIDC,47.49011,POINT (-120.866928290638 37.4784403782944)
INDUSTRL_LNODEDR8,37.4784247171011,-120.866748607625,LOAD,TIDC,47.49969,POINT (-120.866748607625 37.4784247171011)
INGRMC_1_N001,37.83,-121.17,LOAD,CA,47.48532,POINT (-121.17 37.83)
INYOKERN_1_N001,35.65261399998741,-117.79478579202693,LOAD,CA,46.26176,POINT (-117.79478579202693 35.65261399998741)
INYOKERN_1_N008,35.65261399998741,-117.79489620797307,LOAD,CA,46.26176,POINT (-117.79489620797307 35.65261399998741)
IRONMTN_2_N001,34.16,-115.12,LOAD,CA,46.46022,POINT (-115.12 34.16)
IUKA_6_N001,37.665987,-121.831011,LOAD,CA,47.80627,POINT (-121.831011 37.665987)
JACINTO_6_N001,39.582923,-122.010645,LOAD,CA,48.32361,POINT (-122.010645 39.582923)
JAMACHA_6_N001,32.744163749547276,-116.957239,LOAD,CA,47.95955,POINT (-116.957239 32.744163749547276)
JAMACHA_6_N006,32.74408312521416,-116.95718365728564,LOAD,CA,47.95955,POINT (-116.95718365728564 32.74408312521416)
JAMACHA_6_N015,32.74408312521416,-116.95729434271436,LOAD,CA,47.95955,POINT (-116.95729434271436 32.74408312521416)
JAMESON_1_N001,38.205743,-122.147539,LOAD,CA,47.72962,POINT (-122.147539 38.205743)
JANSCRK_6_N001,40.905394259900845,-124.072573,LOAD,CA,45.86623,POINT (-124.072573 40.905394259900845)
JANSCRK_6_N003,40.90531287003298,-124.0725108262728,LOAD,CA,45.86623,POINT (-124.0725108262728 40.90531287003298)
JARVIS_1_N014,37.59572442721241,-122.01803387245575,LOAD,CA,49.15551,POINT (-122.01803387245575 37.59572442721241)
JARVIS_1_N016,37.595543572677634,-122.01803387273313,LOAD,CA,49.15551,POINT (-122.01803387273313 37.595543572677634)
JARVIS_1_N017,37.595543572677634,-122.01826212726687,LOAD,CA,49.15551,POINT (-122.01826212726687 37.595543572677634)
JARVIS_1_N101,37.59572442721241,-122.01826212754425,LOAD,CA,49.15551,POINT (-122.01826212754425 37.59572442721241)
JCBSCRNR_6_N001,36.22245499998718,-119.77977650530629,LOAD,CA,48.92238,POINT (-119.77977650530629 36.22245499998718)
JCBSCRNR_6_N003,36.22245499998718,-119.77988749469371,LOAD,CA,48.92238,POINT (-119.77988749469371 36.22245499998718)
JENNY_1_N001,37.769999999986226,-122.25994279875593,LOAD,CA,49.72092,POINT (-122.25994279875593 37.769999999986226)
JENNY_1_N008,37.769999999986226,-122.26005720124407,LOAD,CA,49.72092,POINT (-122.26005720124407 37.769999999986226)
JESSUP_1_N001,40.462102,-122.328061,LOAD,CA,46.6135,POINT (-122.328061 40.462102)
JMSCNPMP_1_N001,38.19,-122.47,LOAD,CA,47.1675,POINT (-122.47 38.19)
JOHANNA_2_N001,33.71362395818503,-117.852576,LOAD,CA,47.70567,POINT (-117.852576 33.71362395818503)
JOHANNA_2_N007,33.71354302089469,-117.85251982319095,LOAD,CA,47.70567,POINT (-117.85251982319095 33.71354302089469)
JOLON_6_N001,36.013308,-121.167635,LOAD,CA,48.46731,POINT (-121.167635 36.013308)
KAMM_1_N001,36.58,-120.52,LOAD,CA,47.98829,POINT (-120.52 36.58)
KANAKA_1_N001,39.439999999985574,-121.38994201903363,LOAD,CA,46.762,POINT (-121.38994201903363 39.439999999985574)
KEARNEY_6_N001,36.704357999986875,-119.88278399673257,LOAD,CA,50.34508,POINT (-119.88278399673257 36.704357999986875)
KEARNEY_6_N099,36.704357999986875,-119.88289600326743,LOAD,CA,50.34508,POINT (-119.88289600326743 36.704357999986875)
KEARNEY_7_N001,32.832849999988746,-117.13199871171014,LOAD,CA,48.13679,POINT (-117.13199871171014 32.832849999988746)
KEARNEY_7_N003,32.832849999988746,-117.13210528828985,LOAD,CA,47.91165,POINT (-117.13210528828985 32.832849999988746)
KELSO_2_N001,37.797722,-121.601591,LOAD,CA,47.26976,POINT (-121.601591 37.797722)
KERMAN_6_N001,36.69205999998684,-120.05918901200307,LOAD,CA,49.87564,POINT (-120.05918901200307 36.69205999998684)
KERMAN_6_N002,36.69205999998684,-120.05930098799692,LOAD,CA,49.87564,POINT (-120.05930098799692 36.69205999998684)
KERNOIL_1_N001,35.44070999998741,-119.02061483035583,LOAD,CA,47.21707,POINT (-119.02061483035583 35.44070999998741)
KERNOIL_1_N012,35.44070999998741,-119.02072516964418,LOAD,CA,47.21707,POINT (-119.02072516964418 35.44070999998741)
KERNPWR_1_N002,35.37980096994444,-119.097984,LOAD,CA,46.762,POINT (-119.097984 35.37980096994444)
KERNPWR_1_N201,35.37972001501422,-119.09792667452027,LOAD,CA,46.762,POINT (-119.09792667452027 35.37972001501422)
KERNRDGE_1_N001,35.48320899998747,-119.76358482417542,LOAD,CA,46.97756,POINT (-119.76358482417542 35.48320899998747)
KERNRV_1_N001,35.37972001501422,-119.09804132547973,LOAD,CA,47.18833,POINT (-119.09804132547973 35.37972001501422)
KERNWATR_1_N001,35.400666,-119.035603,LOAD,CA,46.84822,POINT (-119.035603 35.400666)
KESWICK_6_N001,40.623725,-122.462027,LOAD,CA,46.62308,POINT (-122.462027 40.623725)
KETTLEMN_6_N001,36.044075,-120.112696,LOAD,CA,48.56312,POINT (-120.112696 36.044075)
KETTNER_6_N001,32.733172,-117.173774,LOAD,CA,47.70088,POINT (-117.173774 32.733172)
KIERNAN_LNODETUB,37.71047,-121.0139,LOAD,BANC,47.74878,POINT (-121.0139 37.71047)
KINGCTY_6_N001,36.21683446252504,-121.1266820197143,LOAD,CA,48.12721,POINT (-121.1266820197143 36.21683446252504)
KINGCTY_6_N002,36.21683446252504,-121.1269039802857,LOAD,CA,48.12721,POINT (-121.1269039802857 36.21683446252504)
KINGCTY_6_N005,36.217013537372516,-121.12690398053972,LOAD,CA,48.12721,POINT (-121.12690398053972 36.217013537372516)
KINGSBRG_1_N001,36.48869063297857,-119.58234525016937,LOAD,CA,50.55584,POINT (-119.58234525016937 36.48869063297857)
KINGSBRG_1_N008,36.48861299994815,-119.58228950045047,LOAD,CA,50.55584,POINT (-119.58228950045047 36.48861299994815)
KIRKER_1_N001,38.0212542075842,-121.905844,LOAD,CA,46.61532,POINT (-121.905844 38.0212542075842)
KIRKER_1_N005,38.02117289619287,-121.90578440854696,LOAD,CA,46.61532,POINT (-121.90578440854696 38.02117289619287)
KIRKER_1_N006,38.02117289619287,-121.90590359145303,LOAD,CA,46.61532,POINT (-121.90590359145303 38.02117289619287)
KNA_LNODENA2,40.654722,-122.389167,LOAD,BANC,46.68536,POINT (-122.389167 40.654722)
KNGHTSLD_1_N001,38.809281,-121.74515,LOAD,CA,47.27455,POINT (-121.74515 38.809281)
KONOCTI6_6_N001,38.9325,-122.741085,LOAD,CA,13.59,POINT (-122.741085 38.9325)
KRAMER_1_N001,34.99008799998758,-117.5425989024871,LOAD,CA,48.15659,POINT (-117.5425989024871 34.99008799998758)
KYOCERA_6_N001,32.819776,-117.140362,LOAD,CA,47.74878,POINT (-117.140362 32.819776)
LADDCM_LNODEARD,37.73258,-121.01392,LOAD,BANC,47.74878,POINT (-121.01392 37.73258)
LAFRESA_6_N001,33.86979104273171,-118.33319,LOAD,CA,47.95476,POINT (-118.33319 33.86979104273171)
LAFRESA_6_N007,33.869709978621295,-118.33324636755688,LOAD,CA,47.95476,POINT (-118.33324636755688 33.869709978621295)
LAGNANL_1_N001,33.49498074466377,-117.70295838393929,LOAD,CA,47.91165,POINT (-117.70295838393929 33.49498074466377)
LAGNANL_1_N002,33.494801255243225,-117.70295838416239,LOAD,CA,47.91165,POINT (-117.70295838416239 33.494801255243225)
LAGNANL_1_N005,33.494801255243225,-117.70317361583761,LOAD,CA,47.91165,POINT (-117.70317361583761 33.494801255243225)
LAGNANL_1_N006,33.49498074466377,-117.70317361606071,LOAD,CA,47.91165,POINT (-117.70317361606071 33.49498074466377)
LAGRANG_LNODEOAD,37.6697612035926,-120.443808701526,LOAD,TIDC,47.41826,POINT (-120.443808701526 37.6697612035926)
LAGUBELL_6_N001,33.975996097823064,-118.14794,LOAD,CA,47.56676,POINT (-118.14794 33.975996097823064)
LAGUBELL_6_N210,33.97591495107552,-118.14799649540468,LOAD,CA,47.56676,POINT (-118.14799649540468 33.97591495107552)
LAGUNATP_6_N001,36.748942999986895,-121.60530194075191,LOAD,CA,47.35408,POINT (-121.60530194075191 36.748942999986895)
LAGUNITS_6_N001,36.748942999986895,-121.60541405924809,LOAD,CA,48.70203,POINT (-121.60541405924809 36.748942999986895)
LAJOLLA_6_N001,32.840121999988746,-117.27517670850455,LOAD,CA,47.94997,POINT (-117.27517670850455 32.840121999988746)
LAJOLLA_6_N007,32.840121999988746,-117.27528329149546,LOAD,CA,47.94997,POINT (-117.27528329149546 32.840121999988746)
LAKEVIEW_6_N101,35.093678,-119.10139,LOAD,CA,50.14493,POINT (-119.10139 35.093678)
LAKEVLLE_1_N001,38.251505,-122.580692,LOAD,CA,46.84656,POINT (-122.580692 38.251505)
LAKEWOOD_1_N001,37.909008286572075,-122.05701271293042,LOAD,CA,47.08416,POINT (-122.05701271293042 37.909008286572075)
LAKEWOOD_1_N003,37.90892999994441,-122.05695542598274,LOAD,CA,47.08416,POINT (-122.05695542598274 37.90892999994441)
LAKEWOOD_1_N004,37.90885171340006,-122.05701271305232,LOAD,CA,47.08416,POINT (-122.05701271305232 37.90885171340006)
LAKEWOOD_1_N006,37.90885171340006,-122.05712728694768,LOAD,CA,47.08416,POINT (-122.05712728694768 37.90885171340006)
LAKEWOOD_1_N007,37.90892999994441,-122.05718457401727,LOAD,CA,47.08416,POINT (-122.05718457401727 37.90892999994441)
LAKEWOOD_1_N009,37.909008286572075,-122.05712728706959,LOAD,CA,47.08416,POINT (-122.05712728706959 37.909008286572075)
LAK_SM_LNODENE2,38.658077794318025,-121.13012359377534,LOAD,BANC,47.06857,POINT (-121.13012359377534 38.658077794318025)
LAK_SM_LNODENE3,38.65799999994368,-121.13006607656462,LOAD,BANC,47.06857,POINT (-121.13006607656462 38.65799999994368)
LAK_SM_LNODENE4,38.657922205653776,-121.13012359390028,LOAD,BANC,47.06857,POINT (-121.13012359390028 38.657922205653776)
LAK_SM_LNODENE6,38.657922205653776,-121.13023862832172,LOAD,BANC,47.06857,POINT (-121.13023862832172 38.657922205653776)
LAK_SM_LNODENE7,38.65799999994368,-121.13029614565738,LOAD,BANC,47.06857,POINT (-121.13029614565738 38.65799999994368)
LAK_SM_LNODENE8,38.658077794318025,-121.13023862844666,LOAD,BANC,47.06857,POINT (-121.13023862844666 38.658077794318025)
LAMONT_1_N001,35.296667999987505,-118.86162984910735,LOAD,CA,47.08294,POINT (-118.86162984910735 35.296667999987505)
LAMONT_1_N002,35.296667999987505,-118.86174015089266,LOAD,CA,47.08294,POINT (-118.86174015089266 35.296667999987505)
LAPHAM_LNODEQBZ,37.639494,-120.919982,LOAD,BANC,47.68651,POINT (-120.919982 37.639494)
LAPHAM_LNODEXBC,37.63949399994495,-120.91986779708742,LOAD,BANC,47.68651,POINT (-120.91986779708742 37.63949399994495)
LAPLMG1_7_N001,35.29516599994997,-119.59192469860037,LOAD,CA,45.75127,POINT (-119.59192469860037 35.29516599994997)
LAPLMG2_7_N001,35.2950123151544,-119.59200269352937,LOAD,CA,45.75127,POINT (-119.59200269352937 35.2950123151544)
LAPLMG3_7_N001,35.29502827228419,-119.59221488028864,LOAD,CA,45.75127,POINT (-119.59221488028864 35.29502827228419)
LAPLMG4_7_N001,35.29517901313358,-119.59232639423358,LOAD,CA,45.75127,POINT (-119.59232639423358 35.29517901313358)
LASPALMS_1_N001,36.8,-119.69,LOAD,CA,50.9678,POINT (-119.69 36.8)
LASPLGS_6_N001,33.31288499998846,-117.46694237728786,LOAD,CA,48.88406,POINT (-117.46694237728786 33.31288499998846)
LASPULGS_6_N001,33.31288499998846,-117.46704962271214,LOAD,CA,47.89728,POINT (-117.46704962271214 33.31288499998846)
LAURELES_6_N001,36.47781599998705,-121.7268922619553,LOAD,CA,50.32112,POINT (-121.7268922619553 36.47781599998705)
LAWRENCE_1_N001,37.397207,-122.010126,LOAD,CA,48.58347,POINT (-122.010126 37.397207)
LAWRENCE_1_N003,37.39720699994556,-122.01001226428907,LOAD,CA,48.58347,POINT (-122.01001226428907 37.39720699994556)
LAWRENCE_1_N004,37.39711664332103,-122.010126,LOAD,CA,48.58347,POINT (-122.010126 37.39711664332103)
LAWRENCE_LNODEENCE,37.397297356679005,-122.010126,LOAD,PNM,45.54529,POINT (-122.010126 37.397297356679005)
LBEACH2G_7_N002,33.818691093192,-118.22254906136247,LOAD,CA,47.87812,POINT (-118.22254906136247 33.818691093192)
LCIENEGA_6_N001,34.000751,-118.378408,LOAD,CA,48.10326,POINT (-118.378408 34.000751)
LEGRAND_1_N001,37.184412,-120.273463,LOAD,CA,52.52462,POINT (-120.273463 37.184412)
LEMOORE_6_N002,36.30998799998711,-119.79822042969916,LOAD,CA,49.26249,POINT (-119.79822042969916 36.30998799998711)
LEMOORE_6_N101,36.30998799998711,-119.79833157030085,LOAD,CA,49.26249,POINT (-119.79833157030085 36.30998799998711)
LEPRINO_1_N001,37.748396,-121.41576,LOAD,CA,47.48053,POINT (-121.41576 37.748396)
LERDO_1_N001,35.50010399998744,-119.15188082156193,LOAD,CA,47.42784,POINT (-119.15188082156193 35.50010399998744)
LERDO_1_N004,35.50010399998744,-119.15199117843807,LOAD,CA,47.42784,POINT (-119.15199117843807 35.50010399998744)
LILAC_6_N001,33.25325899998847,-117.08580343192692,LOAD,CA,48.12721,POINT (-117.08580343192692 33.25325899998847)
LILAC_6_N010,33.25325899998847,-117.08591056807307,LOAD,CA,48.12721,POINT (-117.08591056807307 33.25325899998847)
LIMESTNE_6_N001,38.63377399998596,-120.97960448884528,LOAD,CA,46.99672,POINT (-120.97960448884528 38.63377399998596)
LINCON_LNODECRZ,37.63940356621228,-120.91986779722644,LOAD,BANC,47.68172,POINT (-120.91986779722644 37.63940356621228)
LINCON_LNODEFCN,37.639339619957,-120.91994855081084,LOAD,BANC,47.68172,POINT (-120.91994855081084 37.639339619957)
LINDEN_6_N101,38.016891,-121.095875,LOAD,CA,49.42057,POINT (-121.095875 38.016891)
LITEHIPE_6_N001,33.88040091918611,-118.17506849549716,LOAD,CA,47.82543,POINT (-118.17506849549716 33.88040091918611)
LITEHIPE_6_N008,33.88058108071875,-118.17528550473195,LOAD,CA,47.82543,POINT (-118.17528550473195 33.88058108071875)
LIVERMRE_6_N001,37.68013099998621,-121.78059286544908,LOAD,CA,47.7919,POINT (-121.78059286544908 37.68013099998621)
LIVERMRE_6_N003,37.68013099998621,-121.78070713455092,LOAD,CA,47.7919,POINT (-121.78070713455092 37.68013099998621)
LIVNGSTN_6_N001,37.363379203022006,-120.760425,LOAD,CA,48.16074,POINT (-120.760425 37.363379203022006)
LLAGAS_1_N001,37.006958040367174,-121.557391,LOAD,CA,48.42899,POINT (-121.557391 37.006958040367174)
LLAGAS_1_N003,37.00687697980194,-121.55733239433584,LOAD,CA,48.42899,POINT (-121.55733239433584 37.00687697980194)
LLAGAS_1_N005,37.00687697980194,-121.55744960566416,LOAD,CA,48.42899,POINT (-121.55744960566416 37.00687697980194)
LMEC1_1_N001,38.030625,-121.896783,LOAD,CA,46.50994,POINT (-121.896783 38.030625)
LMEC1_1_N101,38.03062499994427,-121.89666830800388,LOAD,CA,46.50994,POINT (-121.89666830800388 38.03062499994427)
LMEC1_1_N601,38.0305346591732,-121.89666830814532,LOAD,CA,46.50994,POINT (-121.89666830814532 38.0305346591732)
LMEC1_1_N801,38.03047077865233,-121.89674940756281,LOAD,CA,46.50994,POINT (-121.89674940756281 38.03047077865233)
LMECCT1_7_N001,38.0304867914731,-121.89697004046927,LOAD,CA,46.51473,POINT (-121.89697004046927 38.0304867914731)
LMECCT2_7_N001,38.03063805852326,-121.89708599331652,LOAD,CA,46.51473,POINT (-121.89708599331652 38.03063805852326)
LMECST1_7_N001,38.03081089924409,-121.89703337694175,LOAD,CA,46.51473,POINT (-121.89703337694175 38.03081089924409)
LMPC-CTY_1_N001,34.6,-120.39,LOAD,CA,49.39182,POINT (-120.39 34.6)
LOCKHD1_1_N001,37.409054,-122.03213,LOAD,CA,48.59748,POINT (-122.03213 37.409054)
LOCKHD2_1_N001,37.416224,-122.030655,LOAD,CA,48.59281,POINT (-122.030655 37.416224)
LOGANCR_2_N001,39.53955399998549,-122.26277291112409,LOAD,CA,46.05784,POINT (-122.26277291112409 39.53955399998549)
LOGANCR_2_N010,39.53955399998549,-122.26288908887592,LOAD,CA,46.05784,POINT (-122.26288908887592 39.53955399998549)
LONESTAR_1_N001,37.511676999986356,-122.20756301431467,LOAD,CA,48.60144,POINT (-122.20756301431467 37.511676999986356)
LOSALTS_6_N004,37.3939352129738,-122.114735,LOAD,CA,48.56036,POINT (-122.114735 37.3939352129738)
LOSALTS_6_N005,37.393853893498445,-122.11467590496156,LOAD,CA,48.56036,POINT (-122.11467590496156 37.393853893498445)
LOSALTS_6_N101,37.393853893498445,-122.11479409503845,LOAD,CA,48.56036,POINT (-122.11479409503845 37.393853893498445)
LOSCCHS_6_N001,32.85981772690813,-116.899263,LOAD,CA,47.98829,POINT (-116.899263 32.85981772690813)
LOSCOCHS_6_N001,32.85973713653372,-116.89920760858072,LOAD,CA,47.34162,POINT (-116.89920760858072 32.85973713653372)
LOSCOCHS_6_N034,32.85973713653372,-116.89931839141927,LOAD,CA,47.34162,POINT (-116.89931839141927 32.85973713653372)
LOSGATS_6_N002,37.226423999986494,-121.97722832893687,LOAD,CA,49.02501,POINT (-121.97722832893687 37.226423999986494)
LOSGATS_6_N201,37.226423999986494,-121.97734167106313,LOAD,CA,49.02501,POINT (-121.97734167106313 37.226423999986494)
LOSOSTS_6_N001,36.293864,-121.20007,LOAD,CA,48.36672,POINT (-121.20007 36.293864)
LOVELAND_6_N001,32.796957,-116.792258,LOAD,CA,47.47095,POINT (-116.792258 32.796957)
LOWGAP_7_N001,40.4327289999849,-123.47220368717633,LOAD,CA,46.62788,POINT (-123.47220368717633 40.4327289999849)
LOYALTON_LNODETY,39.6680639999855,-120.24305624345052,LOAD,NV,45.23872,POINT (-120.24305624345052 39.6680639999855)
LOYOLA_6_N001,37.360660999986344,-122.09993417231678,LOAD,CA,48.40707,POINT (-122.09993417231678 37.360660999986344)
LOYOLA_6_N004,37.360660999986344,-122.10004782768323,LOAD,CA,48.40707,POINT (-122.10004782768323 37.360660999986344)
LPFLKBD_6_N001,40.90531287003298,-124.07263517372719,LOAD,CA,44.77407,POINT (-124.07263517372719 40.90531287003298)
LSGLLNS_1_N001,38.022339207228725,-122.537978,LOAD,CA,47.12918,POINT (-122.537978 38.022339207228725)
LSGLLNS_1_N002,38.0222578963706,-122.53791840805536,LOAD,CA,47.12918,POINT (-122.53791840805536 38.0222578963706)
LSGLLNS_1_N003,38.0222578963706,-122.53803759194464,LOAD,CA,47.12918,POINT (-122.53803759194464 38.0222578963706)
LSPSTAS_2_N001,37.700982436898656,-121.73360569835381,LOAD,CA,47.77752,POINT (-121.73360569835381 37.700982436898656)
LSPSTAS_2_N002,37.70080156299109,-121.73360569863272,LOAD,CA,47.77752,POINT (-121.73360569863272 37.70080156299109)
LSPSTAS_2_N010,37.70080156299109,-121.7338343013673,LOAD,CA,47.77752,POINT (-121.7338343013673 37.70080156299109)
LSPSTAS_2_N011,37.700982436898656,-121.73383430164618,LOAD,CA,47.77752,POINT (-121.73383430164618 37.700982436898656)
LSTHLLS_6_N001,35.785755,-119.866138,LOAD,CA,47.17875,POINT (-119.866138 35.785755)
LUCERNE_1_N001,39.110189,-122.81298,LOAD,CA,46.90571,POINT (-122.81298 39.110189)
LUCERNE_1_N004,39.11,-122.81,LOAD,CA,46.90571,POINT (-122.81 39.11)
LUIS#3_1_N001,36.65,-120.73,LOAD,CA,47.72962,POINT (-120.73 36.65)
LUIS#5_1_N001,36.72,-120.75,LOAD,CA,47.72483,POINT (-120.75 36.72)
LVNGSTN_7_N002,37.36329789847426,-120.76036593987695,LOAD,CA,52.05039,POINT (-120.76036593987695 37.36329789847426)
LYOTH-SP_6_N001,37.721862,-121.390858,LOAD,CA,47.33204,POINT (-121.390858 37.721862)
LYTNVLLE_6_N001,39.684962,-123.476979,LOAD,CA,50.48399,POINT (-123.476979 39.684962)
MABURY_1_N001,37.36089599998639,-121.86395517205479,LOAD,CA,49.41578,POINT (-121.86395517205479 37.36089599998639)
MABURY_6_N001,37.36089599998639,-121.86406882794522,LOAD,CA,49.51349,POINT (-121.86406882794522 37.36089599998639)
MADISON_1_N002,38.67073989103906,-121.969138,LOAD,CA,47.12606,POINT (-121.969138 38.67073989103906)
MADISON_1_N201,38.67065905446531,-121.9690782228888,LOAD,CA,47.12606,POINT (-121.9690782228888 38.67065905446531)
MAGUNDEN_1_N002,35.36215899998747,-118.92373215922743,LOAD,CA,47.26497,POINT (-118.92373215922743 35.36215899998747)
MAINE-PR_6_N001,38.385820999985995,-121.77582145519017,LOAD,CA,47.16917,POINT (-121.77582145519017 38.385820999985995)
MALAGA_1_N001,36.69415479048744,-119.72474601890697,LOAD,CA,50.95343,POINT (-119.72474601890697 36.69415479048744)
MALAGA_1_N004,36.69397520940774,-119.72474601916853,LOAD,CA,50.95343,POINT (-119.72474601916853 36.69397520940774)
MALAGA_1_N005,36.69397520940774,-119.72496998083147,LOAD,CA,50.95343,POINT (-119.72496998083147 36.69397520940774)
MALAGA_1_N206,36.69415479048744,-119.72496998109303,LOAD,CA,50.95343,POINT (-119.72496998109303 36.69415479048744)
MANCHSTR_1_N001,36.78803392229639,-119.787488,LOAD,CA,51.10193,POINT (-119.787488 36.78803392229639)
MANCHSTR_1_N002,36.787953038837564,-119.78742968988867,LOAD,CA,51.10193,POINT (-119.78742968988867 36.787953038837564)
MANCHSTR_1_N005,36.787953038837564,-119.78754631011132,LOAD,CA,51.10193,POINT (-119.78754631011132 36.787953038837564)
MANDLY1G_7_N002,34.207443999951565,-119.24890677468957,LOAD,CA,48.1799,POINT (-119.24890677468957 34.207443999951565)
MANDLY2G_7_N002,34.20736577177866,-119.24907061260453,LOAD,CA,48.1799,POINT (-119.24907061260453 34.20736577177866)
MANDLY3G_7_N001,34.20752222819712,-119.2490706127059,LOAD,CA,48.1799,POINT (-119.2490706127059 34.20752222819712)
MANTECA_1_N001,37.80151542742815,-121.22356755493873,LOAD,CA,47.34641,POINT (-121.22356755493873 37.80151542742815)
MANTECA_1_N002,37.80133457246114,-121.22356755521895,LOAD,CA,47.34641,POINT (-121.22356755521895 37.80133457246114)
MANTECA_1_N012,37.80133457246114,-121.22379644478104,LOAD,CA,47.34641,POINT (-121.22379644478104 37.80133457246114)
MANTECA_1_N013,37.80151542742815,-121.22379644506127,LOAD,CA,47.34641,POINT (-121.22379644506127 37.80151542742815)
MANVILLE_1_N001,34.53,-120.43,LOAD,CA,49.3056,POINT (-120.43 34.53)
MARGARTA_1_N001,33.55007578845692,-117.62798626281774,LOAD,CA,47.8877,POINT (-117.62798626281774 33.55007578845692)
MARGARTA_1_N002,33.54989621144975,-117.62798626304166,LOAD,CA,47.8877,POINT (-117.62798626304166 33.54989621144975)
MARGARTA_1_N008,33.54989621144975,-117.62820173695833,LOAD,CA,47.8877,POINT (-117.62820173695833 33.54989621144975)
MARGARTA_1_N009,33.55007578845692,-117.62820173718225,LOAD,CA,47.8877,POINT (-117.62820173718225 33.55007578845692)
MARICOPA_6_N001,35.107547,-119.398151,LOAD,CA,46.57997,POINT (-119.398151 35.107547)
MARIPOS2_6_N001,37.50445799998627,-120.00773602136582,LOAD,CA,53.46829,POINT (-120.00773602136582 37.50445799998627)
MARIPOS2_6_N003,37.50445799998627,-120.00784997863418,LOAD,CA,53.46829,POINT (-120.00784997863418 37.50445799998627)
MARPOS_LNODEKSA,37.63932432741219,-120.92006110878681,LOAD,BANC,47.68651,POINT (-120.92006110878681 37.63932432741219)
MARPOS_LNODENOX,37.63935564925701,-120.92016824287315,LOAD,BANC,47.68651,POINT (-120.92016824287315 37.63935564925701)
MARSHALL_LNODEDR1,37.43587720766,-121.132527674588,LOAD,TIDC,47.48053,POINT (-121.132527674588 37.43587720766)
MARSHALL_LNODEDR2,37.4358760484777,-121.13220043951,LOAD,TIDC,47.48053,POINT (-121.13220043951 37.4358760484777)
MARSHALL_LNODEDR3,37.4358798082574,-121.132682875263,LOAD,TIDC,47.48053,POINT (-121.132682875263 37.4358798082574)
MARSHALL_LNODEDR4,37.4358789493306,-121.132046059332,LOAD,TIDC,47.48053,POINT (-121.132046059332 37.4358789493306)
MARSHALL_LNODEDR5,37.4358787251639,-121.131895544498,LOAD,TIDC,47.48053,POINT (-121.131895544498 37.4358787251639)
MARSHALL_LNODER8C,37.435876146414,-121.132374308977,LOAD,TIDC,47.48053,POINT (-121.132374308977 37.435876146414)
MARTELL_6_N001,38.369191999986,-120.79669245138386,LOAD,CA,47.71046,POINT (-120.79669245138386 38.369191999986)
MARTINEZ_1_N001,38.02,-122.16,LOAD,CA,47.04045,POINT (-122.16 38.02)
MCARTHR_6_N001,41.05270199998445,-121.40878106361407,LOAD,CA,46.40274,POINT (-121.40878106361407 41.05270199998445)
MCCALL_1_N026,36.61141783540495,-119.639697,LOAD,CA,50.45046,POINT (-119.639697 36.61141783540495)
MCCALL_1_N030,36.61133708228342,-119.63963891745578,LOAD,CA,50.45046,POINT (-119.63963891745578 36.61133708228342)
MCC_LNODEMCC,38.63008971070796,-121.51320976638306,LOAD,BANC,47.07336,POINT (-121.51320976638306 38.63008971070796)
MCDISLE_6_N001,37.93693288402067,-121.52832945017714,LOAD,CA,50.27801,POINT (-121.52832945017714 37.93693288402067)
MCFRLND_6_N001,35.688444,-119.276835,LOAD,CA,47.52077,POINT (-119.276835 35.688444)
MCKEE_1_N001,37.366407204044364,-121.843789,LOAD,CA,49.21459,POINT (-121.843789 37.366407204044364)
MCKEE_1_N005,37.36632589796316,-121.84372993637959,LOAD,CA,49.21459,POINT (-121.84372993637959 37.36632589796316)
MCKEE_1_N101,37.36632589796316,-121.84384806362041,LOAD,CA,49.21459,POINT (-121.84384806362041 37.36632589796316)
MCMULLN1_2_N001,36.592775,-119.989065,LOAD,CA,49.55948,POINT (-119.989065 36.592775)
MCY_LNODE101,38.563116666666666,-121.464371944444,LOAD,BANC,47.08774,POINT (-121.464371944444 38.563116666666666)
MCY_LNODE102,38.563116666610455,-121.4642569555954,LOAD,BANC,47.08774,POINT (-121.4642569555954 38.563116666610455)
MCY_LNODE103,38.56302675430868,-121.46425695573926,LOAD,BANC,47.08774,POINT (-121.46425695573926 38.56302675430868)
MCY_LNODE104,38.562963176761876,-121.46433826506194,LOAD,BANC,47.08774,POINT (-121.46433826506194 38.562963176761876)
MCY_LNODE105,38.562947972391605,-121.46445159764659,LOAD,BANC,47.09253,POINT (-121.46445159764659 38.562947972391605)
MCY_LNODE106,38.5629791136348,-121.46455946901716,LOAD,BANC,47.09253,POINT (-121.46455946901716 38.5629791136348)
MCY_LNODE107,38.56304468834792,-121.46463814131086,LOAD,BANC,47.09253,POINT (-121.46463814131086 38.56304468834792)
MCY_LNODE108,38.56312966325024,-121.46467572198618,LOAD,BANC,47.09253,POINT (-121.46467572198618 38.56312966325024)
MDLRIVR_6_N001,37.93693288402067,-121.52844854982285,LOAD,CA,49.31997,POINT (-121.52844854982285 37.93693288402067)
MDWYPS_6_N001,35.402824999987416,-119.45497183549746,LOAD,CA,46.89134,POINT (-119.45497183549746 35.402824999987416)
MECCTG1_7_N100,37.239909741275135,-121.77988662517618,LOAD,CA,47.5955,POINT (-121.77988662517618 37.239909741275135)
MECCTG2_7_N100,37.2400902586168,-121.78011337509535,LOAD,CA,47.5955,POINT (-121.78011337509535 37.2400902586168)
MEDWLNE_1_N001,37.963141225082815,-122.052361,LOAD,CA,47.0268,POINT (-122.052361 37.963141225082815)
MEDWLNE_1_N002,37.963059887443606,-122.05230143651556,LOAD,CA,47.0268,POINT (-122.05230143651556 37.963059887443606)
MEDWLNE_1_N006,37.963059887443606,-122.05242056348443,LOAD,CA,47.0268,POINT (-122.05242056348443 37.963059887443606)
MELROSE_6_N001,33.206560573300976,-117.25285494469412,LOAD,CA,47.97392,POINT (-117.25285494469412 33.206560573300976)
MELROSE_6_N004,33.20638142660739,-117.25285494491321,LOAD,CA,47.97392,POINT (-117.25285494491321 33.20638142660739)
MELROSE_6_N005,33.20638142660739,-117.25306905508678,LOAD,CA,47.97392,POINT (-117.25306905508678 33.20638142660739)
MELROSE_6_N009,33.206560573300976,-117.25306905530589,LOAD,CA,47.97392,POINT (-117.25306905530589 33.206560573300976)
MENLO_6_N001,37.4330313740754,-122.20260718789906,LOAD,CA,48.90322,POINT (-122.20260718789906 37.4330313740754)
MENLO_6_N002,37.43285062581547,-122.2026071881739,LOAD,CA,48.90322,POINT (-122.2026071881739 37.43285062581547)
MENLO_6_N003,37.43285062581547,-122.2028348118261,LOAD,CA,48.90322,POINT (-122.2028348118261 37.43285062581547)
MENLO_6_N004,37.4330313740754,-122.20283481210093,LOAD,CA,48.90322,POINT (-122.20283481210093 37.4330313740754)
MERCEDFL_7_N001,37.27292328168154,-120.48675154649395,LOAD,CA,51.93063,POINT (-120.48675154649395 37.27292328168154)
MERCED_1_N001,37.27274271821013,-120.48697845323395,LOAD,CA,51.6528,POINT (-120.48697845323395 37.27274271821013)
MERCED_1_N002,37.27292328168154,-120.48697845350604,LOAD,CA,51.6528,POINT (-120.48697845350604 37.27292328168154)
MERIDIAN_6_N101,37.225299,-121.744182,LOAD,CA,45.71774,POINT (-121.744182 37.225299)
MESACAL_6_N001,34.037454,-118.109265,LOAD,CA,47.37515,POINT (-118.109265 34.037454)
MESAHGTS_6_N001,32.829628731503114,-117.157263,LOAD,CA,47.73441,POINT (-117.157263 32.829628731503114)
MESAHGTS_6_N007,32.82954813423625,-117.15720762268285,LOAD,CA,47.73441,POINT (-117.15720762268285 32.82954813423625)
MESARIM_6_N001,32.90498753633711,-117.17294735480384,LOAD,CA,47.84459,POINT (-117.17294735480384 32.90498753633711)
MESARIM_6_N007,32.90480846357245,-117.1729473550195,LOAD,CA,47.84459,POINT (-117.1729473550195 32.90480846357245)
MESARIM_6_N008,32.90480846357245,-117.1731606449805,LOAD,CA,47.84459,POINT (-117.1731606449805 32.90480846357245)
MESARIM_6_N012,32.90498753633711,-117.17316064519616,LOAD,CA,47.84459,POINT (-117.17316064519616 32.90498753633711)
METCALF_1_N018,37.22435199998651,-121.74197733145253,LOAD,CA,47.72483,POINT (-121.74197733145253 37.22435199998651)
METTLER_6_N001,38.078067,-121.2867,LOAD,CA,48.15595,POINT (-121.2867 38.078067)
MEYERS_LNODE31,38.877195,-119.986125,LOAD,NV,45.70816,POINT (-119.986125 38.877195)
MEYERS_LNODE32,38.87719499994345,-119.98600982501117,LOAD,NV,45.70816,POINT (-119.98600982501117 38.87719499994345)
MEYERS_LNODE33,38.87710533707398,-119.986125,LOAD,NV,45.70816,POINT (-119.986125 38.87710533707398)
MEYERS_LNODE34,38.87719499994345,-119.98624017498884,LOAD,NV,45.70816,POINT (-119.98624017498884 38.87719499994345)
MEYERS_LNODE35,38.87728466292607,-119.986125,LOAD,NV,45.70816,POINT (-119.986125 38.87728466292607)
MI-WUK_1_N001,38.052745,-120.217268,LOAD,CA,29.0,POINT (-120.217268 38.052745)
MIDDLTWN_6_N002,38.7527889999859,-122.60852945612646,LOAD,CA,42.99211,POINT (-122.60852945612646 38.7527889999859)
MIDDLTWN_6_N101,38.7527889999859,-122.60864454387354,LOAD,CA,42.99211,POINT (-122.60864454387354 38.7527889999859)
MILLBRAE_1_N001,37.605189,-122.391045,LOAD,CA,48.37151,POINT (-122.391045 37.605189)
MILLBRAE_1_N004,37.60518899994505,-122.39093085578821,LOAD,CA,48.37151,POINT (-122.39093085578821 37.60518899994505)
MILLBRAE_1_N201,37.60518899994505,-122.3911591442118,LOAD,CA,48.37151,POINT (-122.3911591442118 37.60518899994505)
MILLBRAE_6_N001,37.6052794289691,-122.391045,LOAD,CA,48.42899,POINT (-122.391045 37.6052794289691)
MILLER_1_N001,37.81,-121.1,LOAD,CA,47.99787,POINT (-121.1 37.81)
MILPITAS_1_N001,37.415395,-121.888564,LOAD,CA,48.60694,POINT (-121.888564 37.415395)
MILPITAS_1_N003,37.41539499994551,-121.8884502251851,LOAD,CA,48.60694,POINT (-121.8884502251851 37.41539499994551)
MILPITAS_1_N005,37.41530463419468,-121.888564,LOAD,CA,48.60694,POINT (-121.888564 37.41530463419468)
MILPITAS_1_N006,37.41539499994551,-121.88867777481491,LOAD,CA,48.60694,POINT (-121.88867777481491 37.41539499994551)
MINNIER_LNODEJFF,37.71289,-120.93858,LOAD,BANC,47.66735,POINT (-120.93858 37.71289)
MIRABEL_6_N001,38.489406,-122.894261,LOAD,CA,47.06188,POINT (-122.894261 38.489406)
MIRALOMA_6_N001,34.004371186293284,-117.56506721001799,LOAD,CA,47.32246,POINT (-117.56506721001799 34.004371186293284)
MIRAMAR_6_N001,32.89408253805123,-117.13552936589245,LOAD,CA,47.8398,POINT (-117.13552936589245 32.89408253805123)
MIRAMAR_6_N004,32.89390346185827,-117.135529366108,LOAD,CA,47.8398,POINT (-117.135529366108 32.89390346185827)
MIRAMAR_6_N017,32.89390346185827,-117.135742633892,LOAD,CA,47.8398,POINT (-117.135742633892 32.89390346185827)
MISSION_6_N001,32.784191999954906,-117.13741946348074,LOAD,CA,47.48053,POINT (-117.13741946348074 32.784191999954906)
MISSION_6_N031,32.78411443272647,-117.13747273178681,LOAD,CA,47.48053,POINT (-117.13747273178681 32.78411443272647)
MISSION_6_N040,32.78411443272647,-117.13757926821319,LOAD,CA,47.48053,POINT (-117.13757926821319 32.78411443272647)
MISSION_6_N049,32.784191999954906,-117.13763253651926,LOAD,CA,47.48053,POINT (-117.13763253651926 32.784191999954906)
MKT_SUB_LNODEONA,34.0434902173762,-118.24599112234871,LOAD,LADWP,46.762,POINT (-118.24599112234871 34.0434902173762)
MKT_SUB_LNODEONB,34.04330978252786,-118.24599112258036,LOAD,LADWP,46.762,POINT (-118.24599112258036 34.04330978252786)
MKT_SUB_LNODEONC,34.04330978252786,-118.24620887741963,LOAD,LADWP,46.762,POINT (-118.24620887741963 34.04330978252786)
MKT_SUB_LNODEOND,34.0434902173762,-118.24620887765128,LOAD,LADWP,46.762,POINT (-118.24620887765128 34.0434902173762)
MNDCTP_6_N001,39.251247,-123.196582,LOAD,CA,47.12606,POINT (-123.196582 39.251247)
MOFTFLD_1_N002,37.41,-122.04,LOAD,CA,48.57832,POINT (-122.04 37.41)
MOLINO_6_N002,38.42527299998595,-122.83215753598292,LOAD,CA,47.38761,POINT (-122.83215753598292 38.42527299998595)
MOLINO_6_N101,38.42527299998595,-122.83227246401708,LOAD,CA,47.38761,POINT (-122.83227246401708 38.42527299998595)
MONOLITH_6_N029,34.92999999998754,-118.4199449189089,LOAD,CA,47.17396,POINT (-118.4199449189089 34.92999999998754)
MONOLITH_6_N101,34.92999999998754,-118.4200550810911,LOAD,CA,47.17396,POINT (-118.4200550810911 34.92999999998754)
MONROE_1_N001,38.45321800700051,-122.743668,LOAD,CA,46.85123,POINT (-122.743668 38.45321800700051)
MONROE_1_N002,38.45313699648462,-122.74360827529611,LOAD,CA,46.85602,POINT (-122.74360827529611 38.45313699648462)
MONROE_1_N101,38.45313699648462,-122.74372772470389,LOAD,CA,46.85602,POINT (-122.74372772470389 38.45313699648462)
MONSRATE_6_N001,33.32908099998846,-117.23541536188321,LOAD,CA,48.33798,POINT (-117.23541536188321 33.32908099998846)
MONSRATE_6_N007,33.32908099998846,-117.23552263811678,LOAD,CA,48.33798,POINT (-117.23552263811678 33.32908099998846)
MONTAGUE_1_N001,37.40375521599691,-121.905675,LOAD,CA,49.10548,POINT (-121.905675 37.40375521599691)
MONTAGUE_1_N006,37.403673891986756,-121.90561589392182,LOAD,CA,49.10548,POINT (-121.90561589392182 37.403673891986756)
MONTAGUE_1_N007,37.403673891986756,-121.90573410607819,LOAD,CA,49.10548,POINT (-121.90573410607819 37.403673891986756)
MONTCLLO_1_N008,38.48,-122.32,LOAD,CA,45.7587,POINT (-122.32 38.48)
MONTEREY_6_N001,36.599917,-121.890341,LOAD,CA,48.25176,POINT (-121.890341 36.599917)
MONTERO_6_N001,38.47145299998595,-123.01207452586034,LOAD,CA,47.67502,POINT (-123.01207452586034 38.47145299998595)
MONTERO_6_N004,38.47145299998595,-123.01218947413966,LOAD,CA,47.67502,POINT (-123.01218947413966 38.47145299998595)
MONTGMRY_6_N001,32.631633999988686,-117.09951777952129,LOAD,CA,47.40389,POINT (-117.09951777952129 32.631633999988686)
MONTGMRY_6_N002,32.631633999988686,-117.0996242204787,LOAD,CA,47.40389,POINT (-117.0996242204787 32.631633999988686)
MONTPELR_LNODEDR3,37.5513950204046,-120.771210942368,LOAD,TIDC,47.48532,POINT (-120.771210942368 37.5513950204046)
MONTPELR_LNODEDR4,37.5513208784333,-120.77132554154,LOAD,TIDC,47.48532,POINT (-120.77132554154 37.5513208784333)
MONTPELR_LNODEDR5,37.5513203022304,-120.771217224249,LOAD,TIDC,47.48532,POINT (-120.771217224249 37.5513203022304)
MONTPELR_LNODEDR7,37.551320342333,-120.771557696814,LOAD,TIDC,47.48053,POINT (-120.771557696814 37.551320342333)
MONTPELR_LNODEDR8,37.5513195014288,-120.771445581179,LOAD,TIDC,47.48053,POINT (-120.771445581179 37.5513195014288)
MOORPARK_6_N001,34.28245799998789,-118.90073231455499,LOAD,CA,47.447,POINT (-118.90073231455499 34.28245799998789)
MORAGA_1_N001,37.848008,-122.160732,LOAD,CA,47.62281,POINT (-122.160732 37.848008)
MORGAN_1_N001,37.12745917114046,-121.65871690356438,LOAD,CA,46.55123,POINT (-121.65871690356438 37.12745917114046)
MORMON_6_N001,37.968746,-121.185898,LOAD,CA,48.78826,POINT (-121.185898 37.968746)
MOROHILL_6_N001,33.252187,-117.300305,LOAD,CA,48.16074,POINT (-117.300305 33.252187)
MORROBY_1_N001,35.373004,-120.855187,LOAD,CA,48.24217,POINT (-120.855187 35.373004)
MOSSLD_1_N001,36.804150842399494,-121.78373687034716,LOAD,CA,47.68651,POINT (-121.78373687034716 36.804150842399494)
MOSSLND6_7_ND001,36.80399515757413,-121.78384912953872,LOAD,CA,47.50448,POINT (-121.78384912953872 36.80399515757413)
MOSSLND7_7_ND001,36.804150842399494,-121.78384912965284,LOAD,CA,47.50448,POINT (-121.78384912965284 36.804150842399494)
MPLECRK_6_N001,40.767881,-123.87365,LOAD,CA,45.74648,POINT (-123.87365 40.767881)
MREIS-Q_1_N001,38.12,-122.33,LOAD,CA,47.63215,POINT (-122.33 38.12)
MRGNHIL_1_N001,37.12727882875214,-121.65871690383386,LOAD,CA,48.2278,POINT (-121.65871690383386 37.12727882875214)
MRGNHIL_1_N004,37.12727882875214,-121.65894309616613,LOAD,CA,48.2278,POINT (-121.65894309616613 37.12727882875214)
MRGNHIL_1_N007,37.12745917114046,-121.65894309643562,LOAD,CA,48.2278,POINT (-121.65894309643562 37.12745917114046)
MRTSVAL_LNODE32,39.329538,-120.170031,LOAD,NV,45.74169,POINT (-120.170031 39.329538)
MRYSVLLE_6_N001,39.13944599998575,-121.58327227419691,LOAD,CA,47.62903,POINT (-121.58327227419691 39.13944599998575)
MRYSVLLE_6_N003,39.13944599998575,-121.58338772580308,LOAD,CA,47.62903,POINT (-121.58338772580308 39.13944599998575)
MSHR60V_6_N001,38.02150699998609,-121.28089465794243,LOAD,CA,48.28529,POINT (-121.28089465794243 38.02150699998609)
MSHR60V_6_N006,38.02150699998609,-121.28100934205757,LOAD,CA,48.28529,POINT (-121.28100934205757 38.02150699998609)
MTEDEN_1_N001,37.63264525976642,-122.10124,LOAD,CA,45.10237,POINT (-122.10124 37.63264525976642)
MTEDEN_1_N005,37.632563870101905,-122.10118066447778,LOAD,CA,45.10237,POINT (-122.10118066447778 37.632563870101905)
MTEDEN_1_N009,37.632563870101905,-122.10129933552223,LOAD,CA,45.10237,POINT (-122.10129933552223 37.632563870101905)
MTNHOUSE_LNODE1KV,37.79428,-121.55964,LOAD,BANC,47.27934,POINT (-121.55964 37.79428)
MTNPASS_1_N001,35.508179,-115.53125,LOAD,CA,45.91892,POINT (-115.53125 35.508179)
MTNQUAR_6_N001,38.914515,-121.015694,LOAD,CA,46.8626,POINT (-121.015694 38.914515)
MTVIEW_1_N001,34.07927114678052,-117.240376,LOAD,CA,48.39713,POINT (-117.240376 34.07927114678052)
MTVIEW_1_N004,34.079189926596804,-117.24031938460595,LOAD,CA,48.39713,POINT (-117.24031938460595 34.079189926596804)
MTVIEW_1_N005,34.079189926596804,-117.24043261539406,LOAD,CA,48.39713,POINT (-117.24043261539406 34.079189926596804)
MURRAY_6_N001,32.79087756459772,-117.0229334582287,LOAD,CA,47.95476,POINT (-117.0229334582287 32.79087756459772)
MURRAY_6_N004,32.790698435312095,-117.02293345844329,LOAD,CA,47.95476,POINT (-117.02293345844329 32.790698435312095)
MURRAY_6_N005,32.790698435312095,-117.02314654155671,LOAD,CA,47.95476,POINT (-117.02314654155671 32.790698435312095)
MURRAY_6_N015,32.79087756459772,-117.0231465417713,LOAD,CA,47.95476,POINT (-117.0231465417713 32.79087756459772)
MUSLSLGH_6_N001,36.264507,-119.907357,LOAD,CA,48.69245,POINT (-119.907357 36.264507)
NARROWS1_7_N001,33.13712344927391,-116.2943780565384,LOAD,CA,46.80032,POINT (-116.2943780565384 33.13712344927391)
NARROWS_6_N010,33.137302550634665,-116.29459194367982,LOAD,CA,52.65875,POINT (-116.29459194367982 33.137302550634665)
NATNLCTY_6_N001,32.67305199998863,-117.10726576866911,LOAD,CA,47.60508,POINT (-117.10726576866911 32.67305199998863)
NATNLCTY_6_N005,32.67305199998863,-117.10737223133088,LOAD,CA,47.60508,POINT (-117.10737223133088 32.67305199998863)
NAT_LNODENE1,38.65097779957077,-121.48672359559271,LOAD,BANC,47.07815,POINT (-121.48672359559271 38.65097779957077)
NAT_LNODENE2,38.65089999994365,-121.48666608019934,LOAD,BANC,47.07815,POINT (-121.48666608019934 38.65089999994365)
NAT_LNODENE3,38.650822200401045,-121.48672359571763,LOAD,BANC,47.07815,POINT (-121.48672359571763 38.650822200401045)
NAT_LNODENE4,38.650822200401045,-121.48683862650437,LOAD,BANC,47.07336,POINT (-121.48683862650437 38.650822200401045)
NAT_LNODENE5,38.65089999994365,-121.48689614202266,LOAD,BANC,47.07336,POINT (-121.48689614202266 38.65089999994365)
NAT_LNODENE6,38.65097779957077,-121.4868386266293,LOAD,BANC,47.07336,POINT (-121.4868386266293 38.65097779957077)
NAVSTMTR_6_N001,32.67041199998878,-117.11463876940559,LOAD,CA,47.65777,POINT (-117.11463876940559 32.67041199998878)
NAVSTMTR_6_N011,32.67041199998878,-117.11474523059441,LOAD,CA,47.65777,POINT (-117.11474523059441 32.67041199998878)
NAVY35R_1_N001,35.29,-119.45,LOAD,CA,46.13927,POINT (-119.45 35.29)
NBRANCH_6_N001,38.199837,-120.719506,LOAD,CA,47.47095,POINT (-120.719506 38.199837)
NCMETER_1_N001,33.089572,-117.203236,LOAD,CA,47.62424,POINT (-117.203236 33.089572)
NCPA1GY1_7_N001,38.329999999986036,-122.63005744213352,LOAD,CA,46.38191,POINT (-122.63005744213352 38.329999999986036)
NCPA1GY2_7_N001,38.33999999998601,-122.64005744453604,LOAD,CA,46.3867,POINT (-122.64005744453604 38.33999999998601)
NCPA2GY1_7_N001,38.34999999998599,-122.65005744690819,LOAD,CA,46.35305,POINT (-122.65005744690819 38.34999999998599)
NCPA2GY2_7_N001,38.329999999986036,-122.68005744213352,LOAD,CA,46.34347,POINT (-122.68005744213352 38.329999999986036)
NDUBLIN_2_N002,37.86,-121.88,LOAD,CA,48.33319,POINT (-121.88 37.86)
NEWARKD_1_N001,37.50049924095103,-121.987091,LOAD,CA,48.7244,POINT (-121.987091 37.50049924095103)
NEWARKD_1_N012,37.500417879509776,-121.98703179018516,LOAD,CA,48.7244,POINT (-121.98703179018516 37.500417879509776)
NEWBURG_6_N001,40.59455299998477,-124.13512748525541,LOAD,CA,44.52018,POINT (-124.13512748525541 40.59455299998477)
NEWBURG_6_N003,40.59455299998477,-124.13524651474458,LOAD,CA,44.52018,POINT (-124.13524651474458 40.59455299998477)
NEWELL_LNODEWELL,41.888139999984205,-121.37832971620207,LOAD,PNM,45.5405,POINT (-121.37832971620207 41.888139999984205)
NEWHALL_1_N001,36.86718099998678,-120.32825478878492,LOAD,CA,51.12588,POINT (-120.32825478878492 36.86718099998678)
NEWHALL_1_N002,36.86718099998678,-120.32836721121508,LOAD,CA,51.12588,POINT (-120.32836721121508 36.86718099998678)
NEWMAN_6_B2,37.31543099998646,-121.01505122358405,LOAD,CA,49.90917,POINT (-121.01505122358405 37.31543099998646)
NEWMAN_6_N001,37.31543099998646,-121.01516477641594,LOAD,CA,49.90917,POINT (-121.01516477641594 37.31543099998646)
NOISLMTR_6_N004,32.70248360152014,-117.18205952001077,LOAD,CA,47.75836,POINT (-117.18205952001077 32.70248360152014)
NOISLMTR_6_N009,32.70230439838948,-117.1820595202246,LOAD,CA,47.75836,POINT (-117.1820595202246 32.70230439838948)
NORCO_1_N001,35.28535,-119.308893,LOAD,CA,46.58955,POINT (-119.308893 35.28535)
NORD1_1_N001,39.759998999985385,-121.90689363690683,LOAD,CA,46.92966,POINT (-121.90689363690683 39.759998999985385)
NORD1_1_N003,39.759998999985385,-121.90701036309318,LOAD,CA,46.92966,POINT (-121.90701036309318 39.759998999985385)
NORTECH_1_N001,37.46,-121.76,LOAD,CA,48.9662,POINT (-121.76 37.46)
NORTHOAK_6_N003,35.96338313356797,-119.45673850749412,LOAD,CA,47.37036,POINT (-119.45673850749412 35.96338313356797)
NORTHOAK_6_N004,35.96338313356797,-119.45685349250587,LOAD,CA,47.37036,POINT (-119.45685349250587 35.96338313356797)
NORTHOAK_6_N005,37.36329789847426,-120.76048406012305,LOAD,CA,47.37036,POINT (-120.76048406012305 37.36329789847426)
NOVATO_6_N001,38.10860199998601,-122.56828762317217,LOAD,CA,47.03338,POINT (-122.56828762317217 38.10860199998601)
NOVATO_6_N002,38.10860199998601,-122.56840237682783,LOAD,CA,47.03338,POINT (-122.56840237682783 38.10860199998601)
NRTHTWR_1_N001,38.066061192073654,-122.195674,LOAD,CA,47.54749,POINT (-122.195674 38.066061192073654)
NRTHTWR_1_N002,38.06597990394814,-122.1956143891305,LOAD,CA,47.54749,POINT (-122.1956143891305 38.06597990394814)
NRTHTWR_1_N004,38.06597990394814,-122.19573361086951,LOAD,CA,47.54749,POINT (-122.19573361086951 38.06597990394814)
NR_SUB_LNODEONA,34.22909034238915,-118.54339073176756,LOAD,LADWP,46.75242,POINT (-118.54339073176756 34.22909034238915)
NR_SUB_LNODEONB,34.228909657513995,-118.54339073200198,LOAD,LADWP,46.75242,POINT (-118.54339073200198 34.228909657513995)
NR_SUB_LNODEONC,34.228909657513995,-118.54360926799801,LOAD,LADWP,46.75242,POINT (-118.54360926799801 34.228909657513995)
NR_SUB_LNODEOND,34.22909034238915,-118.54360926823244,LOAD,LADWP,46.75242,POINT (-118.54360926823244 34.22909034238915)
NUMITAP_1_N003,37.5,-122.04,LOAD,CA,48.77411,POINT (-122.04 37.5)
NVYSCHL_6_N001,36.59909,-121.877082,LOAD,CA,48.2278,POINT (-121.877082 36.59909)
NWKDIST_2_N001,37.47999999998637,-121.97994304564625,LOAD,CA,48.44575,POINT (-121.97994304564625 37.47999999998637)
NWKDIST_2_N004,37.47999999998637,-121.98005695435374,LOAD,CA,48.44575,POINT (-121.98005695435374 37.47999999998637)
OAKC12_7_N002,37.797435,-122.281022,LOAD,CA,47.92483,POINT (-122.281022 37.797435)
OAKDAL_LNODEMTS,37.66746999998627,-120.95814287556452,LOAD,BANC,47.67214,POINT (-120.95814287556452 37.66746999998627)
OAKDAL_LNODENDN,37.66746999998627,-120.95825712443548,LOAD,BANC,47.67214,POINT (-120.95825712443548 37.66746999998627)
OAKHURST_1_N001,37.32379499998641,-119.63394921398016,LOAD,CA,51.94021,POINT (-119.63394921398016 37.32379499998641)
OAKHURST_1_N002,37.32379499998641,-119.63406278601984,LOAD,CA,51.94021,POINT (-119.63406278601984 37.32379499998641)
OAKLAND_1_N001,37.79743499994459,-122.28090756034669,LOAD,CA,47.91525,POINT (-122.28090756034669 37.79743499994459)
OAKLAND_1_N006,37.797356686862834,-122.280964780234,LOAD,CA,47.91525,POINT (-122.280964780234 37.797356686862834)
OAKLAND_1_N033,37.797356686862834,-122.28107921976599,LOAD,CA,47.91525,POINT (-122.28107921976599 37.797356686862834)
OCEANO_1_N001,35.10177099998753,-120.58099587832989,LOAD,CA,49.0613,POINT (-120.58099587832989 35.10177099998753)
OCEANO_1_N004,35.10177099998753,-120.5811061216701,LOAD,CA,49.0613,POINT (-120.5811061216701 35.10177099998753)
OCEANSDE_6_N001,33.19681799998853,-117.381743480479,LOAD,CA,48.06973,POINT (-117.381743480479 33.19681799998853)
OCEANSDE_6_N002,33.19681799998853,-117.381850519521,LOAD,CA,48.06973,POINT (-117.381850519521 33.19681799998853)
OIGLASS_1_N001,37.75,-121.31,LOAD,CA,46.73326,POINT (-121.31 37.75)
OILDALE_1_N001,35.42,-118.98,LOAD,CA,47.15001,POINT (-118.98 35.42)
OILFLDS_6_N001,35.95646873409211,-120.85121,LOAD,CA,46.85781,POINT (-120.85121 35.95646873409211)
OILFLDS_6_N007,35.95638813294024,-120.8511525112428,LOAD,CA,46.85781,POINT (-120.8511525112428 35.95638813294024)
OLDRIVR_6_N001,35.208404,-119.100252,LOAD,CA,48.38693,POINT (-119.100252 35.208404)
OLDTOWN_6_N001,32.766092,-117.192529,LOAD,CA,47.49011,POINT (-117.192529 32.766092)
OLEMA_6_N001,38.042497,-122.786541,LOAD,CA,47.4118,POINT (-122.786541 38.042497)
OLETA_6_N001,38.48064499998599,-120.84462852385393,LOAD,CA,47.08294,POINT (-120.84462852385393 38.48064499998599)
OLETA_6_N003,38.48064499998599,-120.84474347614606,LOAD,CA,47.08294,POINT (-120.84474347614606 38.48064499998599)
OLINDA_6_N001,33.94616008273055,-117.922244,LOAD,CA,47.52843,POINT (-117.922244 33.94616008273055)
OLIVHRST_1_N001,39.0918869999858,-121.54288430472884,LOAD,CA,47.02067,POINT (-121.54288430472884 39.0918869999858)
OLIVHRST_1_N002,39.0918869999858,-121.54299969527116,LOAD,CA,47.02067,POINT (-121.54299969527116 39.0918869999858)
OLY_SUB_LNODEONA,34.03409021003063,-118.45989114327803,LOAD,LADWP,46.762,POINT (-118.45989114327803 34.03409021003063)
OLY_SUB_LNODEONB,34.03390978987338,-118.45989114350952,LOAD,LADWP,46.762,POINT (-118.45989114350952 34.03390978987338)
OLY_SUB_LNODEONC,34.03390978987338,-118.46010885649046,LOAD,LADWP,46.762,POINT (-118.46010885649046 34.03390978987338)
OLY_SUB_LNODEOND,34.03409021003063,-118.46010885672197,LOAD,LADWP,46.762,POINT (-118.46010885672197 34.03409021003063)
OMAR_2_N001,35.475983864148716,-118.98698399999999,LOAD,CA,47.46616,POINT (-118.98698399999999 35.475983864148716)
OMWD_6_N001,33.068479,-117.141404,LOAD,CA,47.41347,POINT (-117.141404 33.068479)
ONEILPMP_7_LN001,37.098611,-121.0475,LOAD,CA,47.46616,POINT (-121.0475 37.098611)
OREGNTRL_1_N001,40.61902099998471,-122.32226045686366,LOAD,CA,46.68536,POINT (-122.32226045686366 40.61902099998471)
OREGNTRL_6_N001,40.61902099998471,-122.32237954313634,LOAD,CA,46.63267,POINT (-122.32237954313634 40.61902099998471)
OREGON_LNODENK1,37.63168999998624,-120.9742429051075,LOAD,BANC,47.68651,POINT (-120.9742429051075 37.63168999998624)
OREGON_LNODENK2,37.63168999998624,-120.9743570948925,LOAD,BANC,47.68651,POINT (-120.9743570948925 37.63168999998624)
ORICK_6_N001,41.294542,-124.056522,LOAD,CA,46.64704,POINT (-124.056522 41.294542)
ORLANDB_6_N001,39.725068,-122.178873,LOAD,CA,46.60392,POINT (-122.178873 39.725068)
OROLOMA_6_N001,36.886866,-120.655928,LOAD,CA,47.85417,POINT (-120.655928 36.886866)
OROSI_6_N006,36.544759,-119.251776,LOAD,CA,51.26959,POINT (-119.251776 36.544759)
OROVILLE_6_N001,39.50524442035656,-121.5593758990519,LOAD,CA,46.7141,POINT (-121.5593758990519 39.50524442035656)
OROVILLE_6_N005,39.50524442035656,-121.5596081009481,LOAD,CA,46.7141,POINT (-121.5596081009481 39.50524442035656)
OROVILLE_6_N102,39.50542357952801,-121.55960810124742,LOAD,CA,46.7141,POINT (-121.55960810124742 39.50542357952801)
ORV_LNODENE1,38.68455,-121.267326944444,LOAD,BANC,47.07336,POINT (-121.267326944444 38.68455)
ORV_LNODENE2,38.68454999994364,-121.26721189591703,LOAD,BANC,47.07336,POINT (-121.26721189591703 38.68454999994364)
ORV_LNODENE3,38.68446019318104,-121.26721189606141,LOAD,BANC,47.07336,POINT (-121.26721189606141 38.68446019318104)
ORV_LNODENE4,38.68439669026182,-121.26729324758281,LOAD,BANC,47.07336,POINT (-121.26729324758281 38.68439669026182)
ORV_LNODENE5,38.68438150373832,-121.26740663898543,LOAD,BANC,47.07336,POINT (-121.26740663898543 38.68438150373832)
ORV_LNODENE6,38.6844126084275,-121.26751456633991,LOAD,BANC,47.07336,POINT (-121.26751456633991 38.6844126084275)
ORV_LNODENE7,38.6844781061685,-121.26759327946426,LOAD,BANC,47.07336,POINT (-121.26759327946426 38.6844781061685)
ORV_LNODENE8,38.68456298132683,-121.2676308796447,LOAD,BANC,47.07336,POINT (-121.2676308796447 38.68456298132683)
OTAY_6_N001,32.595376662064226,-117.05752057560969,LOAD,CA,47.49011,POINT (-117.05752057560969 32.595376662064226)
OTAY_6_N014,32.59519733784581,-117.05752057582266,LOAD,CA,47.49011,POINT (-117.05752057582266 32.59519733784581)
OTTER_6_N001,36.47781599998705,-121.7270037380447,LOAD,CA,50.61333,POINT (-121.7270037380447 36.47781599998705)
OVES_SUB_LNODEBKB,37.43792099998635,-118.55704491120122,LOAD,LADWP,41.52151,POINT (-118.55704491120122 37.43792099998635)
OVES_SUB_LNODEBKC,36.443,-118.0438,LOAD,LADWP,44.022,POINT (-118.0438 36.443)
OVES_SUB_LNODEBKD,37.342,-118.441,LOAD,LADWP,42.12029,POINT (-118.441 37.342)
OXFORD_1_N001,36.7,-120.68,LOAD,CA,47.71046,POINT (-120.68 36.7)
PACFCBCH_6_N001,32.799218999988646,-117.24014772581532,LOAD,CA,47.7919,POINT (-117.24014772581532 32.799218999988646)
PACFCBCH_6_N004,32.799218999988646,-117.24025427418468,LOAD,CA,47.7919,POINT (-117.24025427418468 32.799218999988646)
PACIFICA_6_N001,37.59458399998625,-122.48892793722666,LOAD,CA,48.71162,POINT (-122.48892793722666 37.59458399998625)
PACIFICA_6_N003,37.59458399998625,-122.48904206277334,LOAD,CA,48.71162,POINT (-122.48904206277334 37.59458399998625)
PADUA_6_N001,34.120216,-117.639076,LOAD,CA,47.34162,POINT (-117.639076 34.120216)
PALMR_1_N001,34.825223,-120.298953,LOAD,CA,48.65892,POINT (-120.298953 34.825223)
PALOMAR_1_N001,33.12281772819047,-117.287925,LOAD,CA,47.60987,POINT (-117.287925 33.12281772819047)
PALOMAR_1_N004,33.1227371358924,-117.28786944194597,LOAD,CA,47.60987,POINT (-117.28786944194597 33.1227371358924)
PALOMAR_1_N013,33.1227371358924,-117.28798055805403,LOAD,CA,47.60987,POINT (-117.28798055805403 33.1227371358924)
PANAMA_6_N001,35.29556801570901,-119.021525,LOAD,CA,48.56417,POINT (-119.021525 35.29556801570901)
PANAMA_LNODECOUERCRK1,35.29548699213203,-119.02146768568419,LOAD,NV,45.77043,POINT (-119.02146768568419 35.29548699213203)
PANAMA_LNODECOUERCRK2,35.29548699213203,-119.02158231431581,LOAD,NV,45.77043,POINT (-119.02158231431581 35.29548699213203)
PANRAMA_1_N001,40.434409,-122.2679,LOAD,CA,46.49375,POINT (-122.2679 40.434409)
PARADISE_1_N001,39.7615578392488,-121.618634,LOAD,CA,46.85301,POINT (-121.618634 39.7615578392488)
PARADISE_LNODEDISE,39.76147708035982,-121.61857334522642,LOAD,PNM,45.55008,POINT (-121.61857334522642 39.76147708035982)
PARADISX_6_N001,39.76147708035982,-121.61869465477358,LOAD,CA,47.59071,POINT (-121.61869465477358 39.76147708035982)
PARADS_LNODEFEG,37.69056,-121.02061,LOAD,BANC,47.65777,POINT (-121.02061 37.69056)
PARADS_LNODEKHB,37.690559999944874,-121.02049571450051,LOAD,BANC,47.65777,POINT (-121.02049571450051 37.690559999944874)
PARKWAY_2_N001,38.17,-122.25,LOAD,CA,47.74878,POINT (-122.25 38.17)
PAR_LNODEAPM,37.668079999986205,-120.9174128750731,LOAD,BANC,47.65298,POINT (-120.9174128750731 37.668079999986205)
PAR_LNODEFVM,37.668079999986205,-120.9175271249269,LOAD,BANC,47.65298,POINT (-120.9175271249269 37.668079999986205)
PAULSWT_1_N001,36.99234705413821,-121.98202825128297,LOAD,CA,49.07088,POINT (-121.98202825128297 36.99234705413821)
PAULSWT_1_N004,36.9921669457552,-121.98202825154998,LOAD,CA,49.07088,POINT (-121.98202825154998 36.9921669457552)
PAULSWT_1_N101,36.99234705413821,-121.98225374871703,LOAD,CA,49.07088,POINT (-121.98225374871703 36.99234705413821)
PEABODY_2_N002,38.28558699998594,-121.97025256896055,LOAD,CA,47.03504,POINT (-121.97025256896055 38.28558699998594)
PEABODY_2_N006,38.28558699998594,-121.97036743103946,LOAD,CA,47.03504,POINT (-121.97036743103946 38.28558699998594)
PEACHTON_6_N001,39.3784769999856,-121.68494608007006,LOAD,CA,47.08774,POINT (-121.68494608007006 39.3784769999856)
PEACHTON_6_N004,39.3784769999856,-121.68506191992994,LOAD,CA,47.08774,POINT (-121.68506191992994 39.3784769999856)
PEARBMAP_7_B1,34.508883999950896,-117.91829825412502,LOAD,CA,47.24102,POINT (-117.91829825412502 34.508883999950896)
PEARBMAP_7_B3,34.50879356514072,-117.9182982542441,LOAD,CA,47.24102,POINT (-117.9182982542441 34.50879356514072)
PEARBMAP_7_B4,34.50872961811796,-117.91837585623696,LOAD,CA,47.24102,POINT (-117.91837585623696 34.50872961811796)
PEARBMBP_7_B1,34.50871432539329,-117.91848402139897,LOAD,CA,47.24102,POINT (-117.91848402139897 34.50871432539329)
PEARBMBP_7_B3,34.50874564762435,-117.91858697434263,LOAD,CA,47.24102,POINT (-117.91858697434263 34.50874564762435)
PEARBMBP_7_B4,34.5088116034329,-117.91866205952238,LOAD,CA,47.24102,POINT (-117.91866205952238 34.5088116034329)
PEARBMCP_7_B1,34.50889707216307,-117.91869792664747,LOAD,CA,47.24102,POINT (-117.91869792664747 34.50889707216307)
PEARBMCP_7_B3,34.50898737191128,-117.91869193094361,LOAD,CA,47.24102,POINT (-117.91869193094361 34.50898737191128)
PEARBMDP_7_B1,34.50907009278566,-117.91864757930026,LOAD,CA,47.23623,POINT (-117.91864757930026 34.50907009278566)
PEASE_1_N001,39.17010299998576,-121.66113925312504,LOAD,CA,47.13564,POINT (-121.66113925312504 39.17010299998576)
PEASE_1_N009,39.17010299998576,-121.66125474687495,LOAD,CA,47.13564,POINT (-121.66125474687495 39.17010299998576)
PENDLETN_6_N001,33.30925299998849,-117.3349783807102,LOAD,CA,48.24697,POINT (-117.3349783807102 33.30925299998849)
PENDLETN_6_N004,33.30925299998849,-117.3350856192898,LOAD,CA,48.24697,POINT (-117.3350856192898 33.30925299998849)
PENNGRVE_1_N001,38.315547,-122.681119,LOAD,CA,47.05721,POINT (-122.681119 38.315547)
PENRYN_6_N001,38.8444299999859,-121.16613942513398,LOAD,CA,47.03025,POINT (-121.16613942513398 38.8444299999859)
PENRYN_6_N004,38.8444299999859,-121.16625457486602,LOAD,CA,47.03025,POINT (-121.16625457486602 38.8444299999859)
PERMNNTE_6_N002,34.355793,-116.855947,LOAD,CA,48.16277,POINT (-116.855947 34.355793)
PERRY_6_N008,35.570805,-121.055868,LOAD,CA,48.46252,POINT (-121.055868 35.570805)
PETLMAA_6_N001,38.234002,-122.636285,LOAD,CA,47.09565,POINT (-122.636285 38.234002)
PETLMAC_6_N002,38.2390641182539,-122.636804,LOAD,CA,47.32079,POINT (-122.636804 38.2390641182539)
PETLMAC_6_N003,38.23898294085798,-122.63674432895719,LOAD,CA,47.32079,POINT (-122.63674432895719 38.23898294085798)
PETLMAC_6_N004,38.23898294085798,-122.6368636710428,LOAD,CA,47.32079,POINT (-122.6368636710428 38.23898294085798)
PGG_LNODESS1,38.531716666610464,-121.39934830807131,LOAD,BANC,47.07815,POINT (-121.39934830807131 38.531716666610464)
PGG_LNODESS2,38.531794557439916,-121.39929082076439,LOAD,BANC,47.08294,POINT (-121.39929082076439 38.531794557439916)
PHILLIPS_1_N001,37.34,-122.03,LOAD,CA,48.5261,POINT (-122.03 37.34)
PHILO_6_N001,39.063719,-123.437524,LOAD,CA,49.50679,POINT (-123.437524 39.063719)
PICO_1_N001,33.45676299998844,-117.58919323286267,LOAD,CA,47.80627,POINT (-117.58919323286267 33.45676299998844)
PICO_1_N004,33.45676299998844,-117.58930076713733,LOAD,CA,47.80627,POINT (-117.58930076713733 33.45676299998844)
PIERCY_1_N201,37.28,-121.83,LOAD,CA,48.3763,POINT (-121.83 37.28)
PIKECTY_6_N001,39.438734,-120.997847,LOAD,CA,47.06378,POINT (-120.997847 39.438734)
PIONEER_LNODEBUS,37.39756017328021,-120.7270641608972,LOAD,TIDC,47.47095,POINT (-120.7270641608972 37.39756017328021)
PIONEER_LNODEDR1,37.39756017322573,-120.72695042442128,LOAD,TIDC,47.47574,POINT (-120.72695042442128 37.39756017322573)
PIONEER_LNODEDR2,37.3974698163648,-120.7269504245584,LOAD,TIDC,47.47574,POINT (-120.7269504245584 37.3974698163648)
PIONEER_LNODEDR3,37.3974059244655,-120.72703084832322,LOAD,TIDC,47.47574,POINT (-120.72703084832322 37.3974059244655)
PIONEER_LNODEDR4,37.39739064492007,-120.72714294658331,LOAD,TIDC,47.47574,POINT (-120.72714294658331 37.39739064492007)
PIONEER_LNODEDR5,37.39742194014138,-120.72724964310564,LOAD,TIDC,47.47574,POINT (-120.72724964310564 37.39742194014138)
PIONEER_LNODEDR6,37.397487839085414,-120.72732745855615,LOAD,TIDC,47.47574,POINT (-120.72732745855615 37.397487839085414)
PIONEER_LNODEDR7,37.39757323413797,-120.72736462991926,LOAD,TIDC,47.47574,POINT (-120.72736462991926 37.39757323413797)
PIONEER_LNODEDR8,37.397663456054794,-120.72735841623376,LOAD,TIDC,47.47574,POINT (-120.72735841623376 37.397663456054794)
PIONEER_LNODEDR9,37.39774610563929,-120.72731245188831,LOAD,TIDC,47.47574,POINT (-120.72731245188831 37.39774610563929)
PIONEER_LNODER15,37.397811856418734,-120.72723443776906,LOAD,TIDC,47.47574,POINT (-120.72723443776906 37.397811856418734)
PIT1_6_N001,38.030670659249246,-121.86908630802888,LOAD,CA,46.00036,POINT (-121.86908630802888 38.030670659249246)
PIT3_7_N001,38.030606778782065,-121.8691674075287,LOAD,CA,45.94767,POINT (-121.8691674075287 38.030606778782065)
PIT5_7_B1,38.030591501969816,-121.86928044765509,LOAD,CA,46.077,POINT (-121.86928044765509 38.030591501969816)
PITSBURG_1_N001,38.03101263810665,-121.86937270758541,LOAD,CA,46.54347,POINT (-121.86937270758541 38.03101263810665)
PITTSBRG_6_N101,38.031055408073875,-121.8692716827705,LOAD,CA,47.15001,POINT (-121.8692716827705 38.031055408073875)
PLACERVL_1_N001,38.73027886166341,-120.788047,LOAD,CA,47.15959,POINT (-120.788047 38.73027886166341)
PLACER_1_N001,38.901310999985846,-121.08802340262966,LOAD,CA,46.78116,POINT (-121.08802340262966 38.901310999985846)
PLACER_7_N009,38.901310999985846,-121.08813859737035,LOAD,CA,46.73805,POINT (-121.08813859737035 38.901310999985846)
PLAINFLD_6_N001,38.61887,-121.793976,LOAD,CA,51.30791,POINT (-121.793976 38.61887)
PLANETRN_LNODEANET,34.16127269818337,-114.38177086876138,LOAD,WALC,45.80396,POINT (-114.38177086876138 34.16127269818337)
PLOALTO_1_N001,33.356029648193925,-117.1119886715524,LOAD,CA,48.80263,POINT (-117.1119886715524 33.356029648193925)
PLOALTO_1_N007,33.35585035171371,-117.11198867177347,LOAD,CA,48.80263,POINT (-117.11198867177347 33.35585035171371)
PLOALTO_1_N013,33.35585035171371,-117.11220332822651,LOAD,CA,48.80263,POINT (-117.11220332822651 33.35585035171371)
PLUMAS_6_N001,39.026121,-121.54308,LOAD,CA,47.6913,POINT (-121.54308 39.026121)
PNEDLE_1_N001,36.829999999986725,-119.82994383698444,LOAD,CA,50.88158,POINT (-119.82994383698444 36.829999999986725)
PNEDLE_1_N002,36.829999999986725,-119.83005616301556,LOAD,CA,50.91032,POINT (-119.83005616301556 36.829999999986725)
PNEGRVE_6_N001,38.41271199998601,-120.6602245387678,LOAD,CA,49.22896,POINT (-120.6602245387678 38.41271199998601)
PNEGRVE_6_N002,38.41271199998601,-120.6603394612322,LOAD,CA,49.22896,POINT (-120.6603394612322 38.41271199998601)
PNTARNA_6_N001,38.912571,-123.679495,LOAD,CA,51.49952,POINT (-123.679495 38.912571)
POC_LNODENE2,38.490383333333334,-121.470263055556,LOAD,BANC,47.09253,POINT (-121.470263055556 38.490383333333334)
POC_LNODENE3,38.49038333327713,-121.4701480990094,LOAD,BANC,47.09253,POINT (-121.4701480990094 38.49038333327713)
POC_LNODENE4,38.490293355392375,-121.470263055556,LOAD,BANC,47.09253,POINT (-121.470263055556 38.490293355392375)
POC_LNODENE7,38.49038333327713,-121.47037801210259,LOAD,BANC,47.09253,POINT (-121.47037801210259 38.49038333327713)
POC_LNODENE8,38.49047331127424,-121.470263055556,LOAD,BANC,47.09253,POINT (-121.470263055556 38.49047331127424)
POINTLMA_6_N013,32.74137841625509,-117.23325749479669,LOAD,CA,47.65298,POINT (-117.23325749479669 32.74137841625509)
POINTLMA_6_N014,32.74137841625509,-117.2334705052033,LOAD,CA,47.65298,POINT (-117.2334705052033 32.74137841625509)
POLPASPP_6_N002,38.57552299994369,-121.49770299452835,LOAD,CA,47.38952,POINT (-121.49770299452835 38.57552299994369)
POMERADO_6_N001,32.941482719314884,-117.032882,LOAD,CA,47.12127,POINT (-117.032882 32.941482719314884)
POMERADO_6_N004,32.9414021403303,-117.03282656531631,LOAD,CA,47.12127,POINT (-117.03282656531631 32.9414021403303)
POMERADO_6_N008,32.9414021403303,-117.03293743468369,LOAD,CA,47.12127,POINT (-117.03293743468369 32.9414021403303)
PORTOLA_LNODE31,39.803943999985336,-120.46453157749829,LOAD,NV,45.06627,POINT (-120.46453157749829 39.803943999985336)
PORTOLA_LNODE32,39.803943999985336,-120.46464842250171,LOAD,NV,45.06627,POINT (-120.46464842250171 39.803943999985336)
POSOMT_1_N001,35.559194,-118.957501,LOAD,CA,47.31287,POINT (-118.957501 35.559194)
POST_1_N001,39.11,-121.64,LOAD,CA,47.80627,POINT (-121.64 39.11)
POTRERO_1_N001,37.46005423161257,-122.4,LOAD,CA,48.60144,POINT (-122.4 37.46005423161257)
POTRERO_1_N013,37.45997288417899,-122.39994083241324,LOAD,CA,48.60144,POINT (-122.39994083241324 37.45997288417899)
POTRERO_1_N016,37.45997288417899,-122.40005916758676,LOAD,CA,48.60144,POINT (-122.40005916758676 37.45997288417899)
POUST_LNODEIGQ,37.69046956305469,-121.02049571463989,LOAD,BANC,47.67214,POINT (-121.02049571463989 37.69046956305469)
POUST_LNODELD2,37.6904056145667,-121.02057652662188,LOAD,BANC,47.67214,POINT (-121.02057652662188 37.6904056145667)
POWAY_6_N001,32.978722999988655,-117.03130363648788,LOAD,CA,47.28413,POINT (-117.03130363648788 32.978722999988655)
POWAY_6_N010,32.978722999988655,-117.03141036351212,LOAD,CA,47.28413,POINT (-117.03141036351212 32.978722999988655)
PP1_LNODEOAD,34.59026131985074,-118.4546210726575,LOAD,LADWP,46.68057,POINT (-118.4546210726575 34.59026131985074)
PP1_PP2_LNODELMW,34.59026131985074,-118.4547309273425,LOAD,LADWP,46.68057,POINT (-118.4547309273425 34.59026131985074)
PP2_LNODEAUX,34.53433699995089,-118.52522278142764,LOAD,LADWP,46.68057,POINT (-118.52522278142764 34.53433699995089)
PP2_LNODEOAD,34.534427436468654,-118.525113,LOAD,LADWP,46.68536,POINT (-118.525113 34.534427436468654)
PPSTLTAP_1_N001,38.01999999998606,-122.36994265860079,LOAD,CA,47.49923,POINT (-122.36994265860079 38.01999999998606)
PPSTLTAP_1_N104,38.01999999998606,-122.3700573413992,LOAD,CA,47.49923,POINT (-122.3700573413992 38.01999999998606)
PRAXAIR_1_B1,37.99999999998611,-121.80994266753221,LOAD,CA,46.59616,POINT (-121.80994266753221 37.99999999998611)
PRCTRVLY_1_N001,32.665044,-116.986801,LOAD,CA,46.92008,POINT (-116.986801 32.665044)
PRSCOT_LNODEAEJ,37.6903903214879,-121.02068916599474,LOAD,BANC,47.6913,POINT (-121.02068916599474 37.6903903214879)
PRSCOT_LNODETKD,37.69042164442615,-121.02079637755577,LOAD,BANC,47.6913,POINT (-121.02079637755577 37.69042164442615)
PRUNEDLE_1_N001,36.785518920972784,-121.671051,LOAD,CA,48.12721,POINT (-121.671051 36.785518920972784)
PRUNEDLE_1_N002,36.785438039499425,-121.67099269323379,LOAD,CA,48.12721,POINT (-121.67099269323379 36.785438039499425)
PSARBLS_6_N001,35.61564884893555,-120.67989,LOAD,CA,47.76315,POINT (-120.67989 35.61564884893555)
PSARBLS_6_N005,35.61556807551859,-120.67983263488163,LOAD,CA,47.76315,POINT (-120.67983263488163 35.61556807551859)
PSARBLS_6_N007,35.61556807551859,-120.67994736511837,LOAD,CA,47.76315,POINT (-120.67994736511837 35.61556807551859)
PTMRTTI_6_N001,37.030856,-122.187639,LOAD,CA,48.7855,POINT (-122.187639 37.030856)
PTR_PP_LNODEROM,35.24801901925079,-118.1756473615291,LOAD,LADWP,46.20634,POINT (-118.1756473615291 35.24801901925079)
PUEBLOPG_1_N001,38.345348999986,-122.29956355419145,LOAD,CA,47.33504,POINT (-122.29956355419145 38.345348999986)
PUEBLOPG_1_N010,38.345348999986,-122.29967844580855,LOAD,CA,47.33504,POINT (-122.29967844580855 38.345348999986)
PURISIMA_1_N001,34.700622,-120.435261,LOAD,CA,49.21459,POINT (-120.435261 34.700622)
QUEBEC_1_N001,36.07,-119.56,LOAD,CA,47.34162,POINT (-119.56 36.07)
RADUM_6_N001,37.67264599998626,-121.85946487140774,LOAD,CA,47.76315,POINT (-121.85946487140774 37.67264599998626)
RADUM_6_N004,37.67264599998626,-121.85957912859226,LOAD,CA,47.76315,POINT (-121.85957912859226 37.67264599998626)
RAINBOW_1_N001,36.709983,-119.538157,LOAD,CA,50.72829,POINT (-119.538157 36.709983)
RANCHRS_1_N001,36.700797999986875,-119.75437400116115,LOAD,CA,50.95343,POINT (-119.75437400116115 36.700797999986875)
RANDSBRG_1_N001,35.375699,-117.655868,LOAD,CA,48.07307,POINT (-117.655868 35.375699)
RAWSON_6_N001,40.145295999985066,-122.21242808907787,LOAD,CA,48.52001,POINT (-122.21242808907787 40.145295999985066)
RAWSON_6_N002,40.145295999985066,-122.21254591092213,LOAD,CA,48.52001,POINT (-122.21254591092213 40.145295999985066)
RCARMEL_6_N001,32.99378371822819,-117.077745,LOAD,CA,47.37036,POINT (-117.077745 32.99378371822819)
RCARMEL_6_N004,32.9937031408736,-117.07768953360795,LOAD,CA,47.37036,POINT (-117.07768953360795 32.9937031408736)
RCARMEL_6_N011,32.9937031408736,-117.07780046639205,LOAD,CA,47.37036,POINT (-117.07780046639205 32.9937031408736)
RECTOR_6_N001,36.29851,-119.242336,LOAD,CA,49.16189,POINT (-119.242336 36.29851)
REDBLFF_6_N001,40.1825869024183,-122.244610070096,LOAD,CA,47.08774,POINT (-122.244610070096 40.1825869024183)
REDBLFF_6_N004,40.1825869024183,-122.24484592990399,LOAD,CA,47.08774,POINT (-122.24484592990399 40.1825869024183)
REDBLFF_6_N005,40.18276709746204,-122.24484593021722,LOAD,CA,47.08774,POINT (-122.24484593021722 40.18276709746204)
REDBUD_1_N001,39.02788699998577,-122.66224734180834,LOAD,CA,45.48781,POINT (-122.66224734180834 39.02788699998577)
REDBUD_1_N004,39.02788699998577,-122.66236265819167,LOAD,CA,45.48781,POINT (-122.66236265819167 39.02788699998577)
REDWOOD_6_N001,37.490252,-122.213021,LOAD,CA,48.89364,POINT (-122.213021 37.490252)
REDWOOD_6_N002,37.49025199994532,-122.2129070707913,LOAD,CA,48.89364,POINT (-122.2129070707913 37.49025199994532)
REDWOOD_6_N005,37.49016160208324,-122.213021,LOAD,CA,48.89364,POINT (-122.213021 37.49016160208324)
REDWOOD_6_N006,37.49025199994532,-122.21313492920869,LOAD,CA,48.89364,POINT (-122.21313492920869 37.49025199994532)
REDWOOD_6_N007,37.49034239791678,-122.213021,LOAD,CA,48.89364,POINT (-122.213021 37.49034239791678)
REEDLEY_1_N001,36.605116999986976,-119.3758071174397,LOAD,CA,50.87679,POINT (-119.3758071174397 36.605116999986976)
REEDLEY_6_N001,36.605116999986976,-119.3759188825603,LOAD,CA,50.9199,POINT (-119.3759188825603 36.605116999986976)
REINWY_LNODEGME,37.63942160426353,-120.92024637744797,LOAD,BANC,47.66735,POINT (-120.92024637744797 37.63942160426353)
REINWY_LNODEQAC,37.6395070719657,-120.92028370125492,LOAD,BANC,47.66735,POINT (-120.92028370125492 37.6395070719657)
RENFRO_1_N001,35.409999999987434,-119.16994483454441,LOAD,CA,46.60392,POINT (-119.16994483454441 35.409999999987434)
RENFRO_1_N010,35.409999999987434,-119.1700551654556,LOAD,CA,46.68536,POINT (-119.1700551654556 35.409999999987434)
RESERVR_LNODEFFW,37.651919999986276,-120.67483288823061,LOAD,BANC,47.66256,POINT (-120.67483288823061 37.651919999986276)
RESERVR_LNODEPMW,37.651919999986276,-120.67494711176938,LOAD,BANC,47.66256,POINT (-120.67494711176938 37.651919999986276)
RICE_6_N002,39.402805999985674,-122.01287205646442,LOAD,CA,47.77273,POINT (-122.01287205646442 39.402805999985674)
RICE_6_N101,39.402805999985674,-122.01298794353558,LOAD,CA,47.77273,POINT (-122.01298794353558 39.402805999985674)
RICHMOND_1_B1,37.92597623462323,-122.369629,LOAD,CA,47.64772,POINT (-122.369629 37.92597623462323)
RICHMOND_1_N001,37.92589488267337,-122.36956945615904,LOAD,CA,47.65251,POINT (-122.36956945615904 37.92589488267337)
RINCON_1_N001,33.285967608914305,-116.9585228047856,LOAD,CA,46.13246,POINT (-116.9585228047856 33.285967608914305)
RINCON_1_N003,33.28578839099371,-116.95852280500573,LOAD,CA,46.13246,POINT (-116.95852280500573 33.28578839099371)
RINCON_6_N001,33.28578839099371,-116.95873719499427,LOAD,CA,48.51522,POINT (-116.95873719499427 33.28578839099371)
RINCON_6_N008,33.285967608914305,-116.9587371952144,LOAD,CA,48.51522,POINT (-116.9587371952144 33.285967608914305)
RIN_SUB_LNODEONA,34.28105422156671,-118.479,LOAD,LADWP,46.77158,POINT (-118.479 34.28105422156671)
RIN_SUB_LNODEONB,34.28097288920359,-118.47894317065887,LOAD,LADWP,46.77158,POINT (-118.47894317065887 34.28097288920359)
RIN_SUB_LNODEONC,34.28097288920359,-118.47905682934115,LOAD,LADWP,46.76679,POINT (-118.47905682934115 34.28097288920359)
RIOBRVO_1_N001,35.44252289360183,-119.26010566010629,LOAD,CA,46.69494,POINT (-119.26010566010629 35.44252289360183)
RIOBRVO_1_N006,35.44234310629778,-119.26010566035274,LOAD,CA,46.69494,POINT (-119.26010566035274 35.44234310629778)
RIOBRVTM_1_N001,35.44252289360183,-119.26032633989371,LOAD,CA,46.41711,POINT (-119.26032633989371 35.44252289360183)
RIODELL_6_N001,40.495382,-124.099276,LOAD,CA,44.01242,POINT (-124.099276 40.495382)
RIOHONDO_6_N001,34.10610615849042,-117.97947,LOAD,CA,47.33683,POINT (-117.97947 34.10610615849042)
RIOHONDO_LNODEONDO,34.1060249207417,-117.97952664559254,LOAD,PNM,45.55008,POINT (-117.97952664559254 34.1060249207417)
RIPON_1_N001,37.72,-121.13,LOAD,CA,47.26497,POINT (-121.13 37.72)
RIVERROC_6_N001,36.902618,-119.771768,LOAD,CA,51.10193,POINT (-119.771768 36.902618)
RIVRBANK_1_N001,37.76895425952452,-120.908163,LOAD,CA,47.89249,POINT (-120.908163 37.76895425952452)
RIVRSIDE_6_N001,34.021990939807104,-117.33196554960466,LOAD,CA,47.32246,POINT (-117.33196554960466 34.021990939807104)
ROADWAY_1_N001,34.590373,-117.431752,LOAD,CA,47.37994,POINT (-117.431752 34.590373)
ROBROY_1_N001,36.979885,-121.867457,LOAD,CA,48.77389,POINT (-121.867457 36.979885)
ROCKET_1_N001,34.933939,-117.692217,LOAD,CA,48.17096,POINT (-117.692217 34.933939)
ROCKLIN_6_N001,38.788043999985874,-121.23171544490323,LOAD,CA,47.12606,POINT (-121.23171544490323 38.788043999985874)
ROCKLIN_6_N003,38.788043999985874,-121.23183055509676,LOAD,CA,47.12606,POINT (-121.23183055509676 38.788043999985874)
ROEDING_LNODEDR1,37.587341764588,-120.935901626126,LOAD,TIDC,47.47574,POINT (-120.935901626126 37.587341764588)
ROEDING_LNODEDR2,37.5872777703549,-120.935976143427,LOAD,TIDC,47.47095,POINT (-120.935976143427 37.5872777703549)
ROEDING_LNODEDR3,37.5871231822836,-120.935612409,LOAD,TIDC,47.47095,POINT (-120.935612409 37.5871231822836)
ROEDING_LNODEDR5,37.5870085148256,-120.935981028585,LOAD,TIDC,47.47574,POINT (-120.935981028585 37.5870085148256)
ROEDING_LNODEDR6,37.5871259671814,-120.935792411292,LOAD,TIDC,47.47574,POINT (-120.935792411292 37.5871259671814)
ROEDING_LNODEDR7,37.5871257817397,-120.935692486018,LOAD,TIDC,47.47095,POINT (-120.935692486018 37.5871257817397)
ROGERS_LNODEDR1,37.4749114287345,-121.178218328626,LOAD,TIDC,47.48053,POINT (-121.178218328626 37.4749114287345)
ROGERS_LNODEDR2,37.4751811958932,-121.178206809282,LOAD,TIDC,47.48053,POINT (-121.178206809282 37.4751811958932)
ROGERS_LNODEDR3,37.4750639771164,-121.17821700138,LOAD,TIDC,47.48053,POINT (-121.17821700138 37.4750639771164)
ROGERS_LNODEDR5,37.4748414013345,-121.178225065561,LOAD,TIDC,47.48053,POINT (-121.178225065561 37.4748414013345)
ROGERS_LNODEDR7,37.4749721097043,-121.178220428168,LOAD,TIDC,47.48053,POINT (-121.178220428168 37.4749721097043)
ROGH-RDY_6_N001,37.95526599998612,-121.33253531114549,LOAD,CA,47.01109,POINT (-121.33253531114549 37.95526599998612)
ROSECYN_6_N001,32.84459772910598,-117.236988,LOAD,CA,47.90686,POINT (-117.236988 32.84459772910598)
ROSECYN_6_N017,32.84451713543481,-117.23693261581597,LOAD,CA,47.90686,POINT (-117.23693261581597 32.84451713543481)
ROSEDAL_1_N001,35.37703397144563,-119.077971,LOAD,CA,46.77637,POINT (-119.077971 35.37703397144563)
ROSELE_LNODEHMV,37.68013999998623,-120.94014286544196,LOAD,BANC,47.67693,POINT (-120.94014286544196 37.68013999998623)
ROSELE_LNODERLV,37.68013999998623,-120.94025713455804,LOAD,BANC,47.67693,POINT (-120.94025713455804 37.68013999998623)
ROSEMR_LNODEAEI,37.64253,-121.0423,LOAD,BANC,47.6434,POINT (-121.0423 37.64253)
ROSE_6_N001,32.84451713543481,-117.23704338418403,LOAD,CA,46.36419,POINT (-117.23704338418403 32.84451713543481)
ROSSMOOR_2_N001,37.86470199998613,-122.08030973806707,LOAD,CA,47.60508,POINT (-122.08030973806707 37.86470199998613)
ROSSMOOR_2_N101,37.86470199998613,-122.08042426193292,LOAD,CA,47.60508,POINT (-122.08042426193292 37.86470199998613)
RSC_LNODE8LD,38.761389,-121.264722,LOAD,BANC,47.0542,POINT (-121.264722 38.761389)
RSM_SUB_LNODEONB,34.244054210355124,-118.392,LOAD,LADWP,46.76679,POINT (-118.392 34.244054210355124)
RSM_SUB_LNODEONC,34.24397289480934,-118.39194320739797,LOAD,LADWP,46.76679,POINT (-118.39194320739797 34.24397289480934)
RSM_SUB_LNODEOND,34.24397289480934,-118.39205679260202,LOAD,LADWP,46.76679,POINT (-118.39205679260202 34.24397289480934)
RSNTAFE_6_N009,33.014261,-117.198557,LOAD,CA,47.66256,POINT (-117.198557 33.014261)
RSVTNRD_6_N001,36.624374,-121.68835,LOAD,CA,49.57385,POINT (-121.68835 36.624374)
RTRACK_1_N001,37.979737,-120.414515,LOAD,CA,43.41365,POINT (-120.414515 37.979737)
RUSSRCH_6_N001,40.819848,-123.826638,LOAD,CA,46.37399,POINT (-123.826638 40.819848)
RVRBANK_1_N001,37.76887287022286,-120.90810355553742,LOAD,CA,46.3213,POINT (-120.90810355553742 37.76887287022286)
RVRBANK_1_N005,37.76887287022286,-120.90822244446258,LOAD,CA,46.3213,POINT (-120.90822244446258 37.76887287022286)
SAFEWAY_1_N001,37.71,-121.4,LOAD,CA,46.77637,POINT (-121.4 37.71)
SALINAS_1_N001,36.683239999986945,-121.65120502290527,LOAD,CA,48.41941,POINT (-121.65120502290527 36.683239999986945)
SALINAS_1_N024,36.683239999986945,-121.65131697709472,LOAD,CA,48.41941,POINT (-121.65131697709472 36.683239999986945)
SANARDO_6_N001,36.073766,-120.936804,LOAD,CA,47.33204,POINT (-120.936804 36.073766)
SANCRLS_6_N001,37.49972924078839,-122.243974,LOAD,CA,48.87927,POINT (-122.243974 37.49972924078839)
SANCRLS_6_N002,37.499647879591045,-122.24391479097326,LOAD,CA,48.87927,POINT (-122.24391479097326 37.499647879591045)
SANCRLS_6_N004,37.499647879591045,-122.24403320902674,LOAD,CA,48.87927,POINT (-122.24403320902674 37.499647879591045)
SANDCRK_6_N001,36.64502999998689,-119.15920293037858,LOAD,CA,51.25042,POINT (-119.15920293037858 36.64502999998689)
SANGER_1_N001,36.70707499998684,-119.6108700066517,LOAD,CA,50.68518,POINT (-119.6108700066517 36.70707499998684)
SANJOQN_6_N001,36.62101099998692,-120.17805409852517,LOAD,CA,49.27207,POINT (-120.17805409852517 36.62101099998692)
SANJOQN_6_N006,36.62101099998692,-120.17816590147483,LOAD,CA,49.28644,POINT (-120.17816590147483 36.62101099998692)
SANLUSRY_6_N013,36.77962699998679,-120.72995490173179,LOAD,CA,47.64819,POINT (-120.72995490173179 36.77962699998679)
SANLUSRY_6_N014,36.77962699998679,-120.73006709826822,LOAD,CA,47.64819,POINT (-120.73006709826822 36.77962699998679)
SANLUSRY_6_N101,33.211532999988535,-117.33442746812834,LOAD,CA,47.64819,POINT (-117.33442746812834 33.211532999988535)
SANLUSRY_6_N201,33.211532999988535,-117.33453453187165,LOAD,CA,47.64819,POINT (-117.33453453187165 33.211532999988535)
SANMATEO_1_N001,37.58333525489619,-122.319035,LOAD,CA,47.83022,POINT (-122.319035 37.58333525489619)
SANMATEO_1_N001A,37.58325387253711,-122.31897570912398,LOAD,CA,48.10805,POINT (-122.31897570912398 37.58325387253711)
SANMATEO_1_N009,33.409472,-117.590641,LOAD,CA,47.83022,POINT (-117.590641 33.409472)
SANMATO_6_N001,37.58325387253711,-122.31909429087602,LOAD,CA,48.10805,POINT (-122.31909429087602 37.58325387253711)
SANMIGL_6_N001,35.75192,-120.684163,LOAD,CA,47.94518,POINT (-120.684163 35.75192)
SANMRCOS_6_N001,33.12885155124498,-117.19722253462301,LOAD,CA,47.46137,POINT (-117.19722253462301 33.12885155124498)
SANMRCOS_6_N007,33.12877399995433,-117.19716906934049,LOAD,CA,47.46137,POINT (-117.19716906934049 33.12877399995433)
SANMRCOS_6_N011,33.12869644873215,-117.19722253471747,LOAD,CA,47.46137,POINT (-117.19722253471747 33.12869644873215)
SANPBLO_1_N001,37.984803,-122.336618,LOAD,CA,47.50402,POINT (-122.336618 37.984803)
SANRAFL_1_N001,37.970858222937125,-122.527065,LOAD,CA,47.20103,POINT (-122.527065 37.970858222937125)
SANRAFL_1_N006,37.97077688851645,-122.52700543261207,LOAD,CA,47.20103,POINT (-122.52700543261207 37.97077688851645)
SANRAFL_1_N007,37.97077688851645,-122.52712456738792,LOAD,CA,47.20103,POINT (-122.52712456738792 37.97077688851645)
SANRAMON_2_N001,37.745125434987564,-121.93600563263105,LOAD,CA,47.33636,POINT (-121.93600563263105 37.745125434987564)
SANRAMON_2_N004,37.74494456490202,-121.93600563291054,LOAD,CA,47.33636,POINT (-121.93600563291054 37.74494456490202)
SANRAMON_2_N023,37.74494456490202,-121.93623436708945,LOAD,CA,47.33636,POINT (-121.93623436708945 37.74494456490202)
SANRAMON_2_N024,37.745125434987564,-121.93623436736895,LOAD,CA,47.33636,POINT (-121.93623436736895 37.745125434987564)
SANTAFE_LNODEPLNT,38.77997308074166,-122.67005981025191,LOAD,PNM,45.55487,POINT (-122.67005981025191 38.77997308074166)
SANTARO_1_N001,33.78461699446498,-116.41025972078828,LOAD,CA,46.79553,POINT (-116.41025972078828 33.78461699446498)
SANTARO_1_N014,33.78443700544048,-116.41025972101585,LOAD,CA,46.79553,POINT (-116.41025972101585 33.78443700544048)
SANTARO_1_N017,33.78443700544048,-116.41047627898415,LOAD,CA,46.79553,POINT (-116.41047627898415 33.78443700544048)
SANTARO_1_N021,33.78461699446498,-116.41047627921172,LOAD,CA,46.79553,POINT (-116.41047627921172 33.78461699446498)
SANTEE_1_N001,32.85452999998873,-116.96829070198787,LOAD,CA,47.27455,POINT (-116.96829070198787 32.85452999998873)
SANTEE_1_N004,32.85452999998873,-116.96839729801214,LOAD,CA,47.27455,POINT (-116.96839729801214 32.85452999998873)
SANYSDRO_6_N001,32.562237999988916,-117.02641779453799,LOAD,CA,47.67693,POINT (-117.02641779453799 32.562237999988916)
SANYSDRO_6_N004,32.562237999988916,-117.02652420546201,LOAD,CA,47.67693,POINT (-117.02652420546201 32.562237999988916)
SARATOGA_2_N001,37.28099617234283,-122.014883,LOAD,CA,47.89249,POINT (-122.014883 37.28099617234283)
SARATOGA_2_N006,37.28091491381397,-122.0148240379766,LOAD,CA,47.89249,POINT (-122.0148240379766 37.28091491381397)
SARATOGA_2_N011,37.28091491381397,-122.0149419620234,LOAD,CA,47.89249,POINT (-122.0149419620234 37.28091491381397)
SAUGUS_6_N001,34.4222099999511,-118.5721663854507,LOAD,CA,47.18833,POINT (-118.5721663854507 34.4222099999511)
SAUSALTO_6_N001,37.86340599998612,-122.49836873883264,LOAD,CA,48.34589,POINT (-122.49836873883264 37.86340599998612)
SAUSALTO_6_N002,37.86340599998612,-122.49848326116737,LOAD,CA,48.34589,POINT (-122.49848326116737 37.86340599998612)
SCA_GS_LNODE1AUX,33.91807886040714,-118.42789938920775,LOAD,LADWP,46.762,POINT (-118.42789938920775 33.91807886040714)
SCA_GS_LNODE2AUX,33.91816402577284,-118.42793487934084,LOAD,LADWP,46.762,POINT (-118.42793487934084 33.91816402577284)
SCA_GS_LNODE4AUX,33.91825400500674,-118.42792894664778,LOAD,LADWP,46.75721,POINT (-118.42792894664778 33.91825400500674)
SCA_GS_LNODE5AUX,33.91833643226557,-118.42788506116258,LOAD,LADWP,46.75721,POINT (-118.42788506116258 33.91833643226557)
SCA_GS_LNODE6AUX,33.91840200617013,-118.42781057548723,LOAD,LADWP,46.762,POINT (-118.42781057548723 33.91840200617013)
SCA_GS_LNODE7AUX,33.91844466871178,-118.42771492357166,LOAD,LADWP,46.762,POINT (-118.42771492357166 33.91844466871178)
SCA_LA_LNODE3SS,33.91846141326686,-118.42760822199088,LOAD,LADWP,46.762,POINT (-118.42760822199088 33.91846141326686)
SCA_SUB_LNODEONA,33.918451884282646,-118.42750023805854,LOAD,LADWP,46.762,POINT (-118.42750023805854 33.918451884282646)
SCA_SUB_LNODEONB,33.91841787609632,-118.42739967533626,LOAD,LADWP,46.78116,POINT (-118.42739967533626 33.91841787609632)
SCHINDLR_1_N005,36.402237,-120.138272,LOAD,CA,48.40983,POINT (-120.138272 36.402237)
SCHMLBCH_1_N001,38.3,-121.87,LOAD,CA,47.64819,POINT (-121.87 38.3)
SCLARA_6_N001,34.3007956214976,-119.18563240503143,LOAD,CA,48.1799,POINT (-119.18563240503143 34.3007956214976)
SCRIPPS_6_N001,32.91119872129761,-117.112589,LOAD,CA,47.70088,POINT (-117.112589 32.91119872129761)
SCRIPPS_6_N008,32.91111813933897,-117.11253358224198,LOAD,CA,47.70088,POINT (-117.11253358224198 32.91111813933897)
SCRIPPS_6_N013,32.91111813933897,-117.112644417758,LOAD,CA,47.70088,POINT (-117.112644417758 32.91111813933897)
SCWAX_1_N001,36.700797999986875,-119.75448599883885,LOAD,CA,50.95343,POINT (-119.75448599883885 36.700797999986875)
SCY_LNODE102,38.508556628165735,-121.46418309094265,LOAD,BANC,47.09253,POINT (-121.46418309094265 38.508556628165735)
SCY_LNODE103,38.50837670505527,-121.4641830912299,LOAD,BANC,47.09253,POINT (-121.4641830912299 38.50837670505527)
SCY_LNODE105,38.50837670505527,-121.4644130198821,LOAD,BANC,47.08774,POINT (-121.4644130198821 38.50837670505527)
SCY_LNODE106,38.508556628165735,-121.46441302016935,LOAD,BANC,47.08774,POINT (-121.46441302016935 38.508556628165735)
SEARLES_7_N001,35.75666699998737,-117.38050076336167,LOAD,CA,48.80536,POINT (-117.38050076336167 35.75666699998737)
SEMITRPC_1_N001,35.600398,-119.437498,LOAD,CA,46.66141,POINT (-119.437498 35.600398)
SERRMNTE_1_N011,37.69171986891291,-122.4557633854276,LOAD,CA,48.71162,POINT (-122.4557633854276 37.69171986891291)
SFIA-MA_1_N001,37.63904926020716,-122.385896,LOAD,CA,48.57749,POINT (-122.385896 37.63904926020716)
SFIA_1_N001,37.63896786988162,-122.38583665888167,LOAD,CA,48.44815,POINT (-122.38583665888167 37.63896786988162)
SFIA_1_N007,37.63896786988162,-122.38595534111833,LOAD,CA,48.44815,POINT (-122.38595534111833 37.63896786988162)
SHADOWR_1_N001,33.141540731105856,-117.238793,LOAD,CA,47.62903,POINT (-117.238793 33.141540731105856)
SHADOWR_1_N006,33.141460134434745,-117.23873742707973,LOAD,CA,47.62903,POINT (-117.23873742707973 33.141460134434745)
SHADOWR_1_N008,33.141460134434745,-117.23884857292028,LOAD,CA,47.62903,POINT (-117.23884857292028 33.141460134434745)
SHADYGLN_6_N001,39.115058,-120.95331,LOAD,CA,45.97641,POINT (-120.95331 39.115058)
SHAFTER_7_N022,39.77608299994151,-122.10394676937125,LOAD,CA,46.62788,POINT (-122.10394676937125 39.77608299994151)
SHARON_1_N001,37.097275,-120.156454,LOAD,CA,52.79766,POINT (-120.156454 37.097275)
SHAWROAD_1_N001,37.55,-122.42,LOAD,CA,48.31882,POINT (-122.42 37.55)
SHLLCHM_6_N001,38.031607,-121.945728,LOAD,CA,47.18833,POINT (-121.945728 38.031607)
SHNGLESR_1_N001,38.65969989665331,-120.946938,LOAD,CA,47.09253,POINT (-120.946938 38.65969989665331)
SHNGLESR_1_N004,38.659619051658225,-120.94687822587784,LOAD,CA,47.09253,POINT (-120.94687822587784 38.659619051658225)
SHNGLESR_1_N103,38.659619051658225,-120.94699777412217,LOAD,CA,47.09253,POINT (-120.94699777412217 38.659619051658225)
SHREDDER_1_N001,37.511676999986356,-122.20767698568532,LOAD,CA,48.60144,POINT (-122.20767698568532 37.511676999986356)
SIERABRK_LNODE19,39.646142,-120.217943,LOAD,NV,45.27704,POINT (-120.217943 39.646142)
SILVERDO_1_N001,38.49950299998593,-122.45908751973128,LOAD,CA,45.90241,POINT (-122.45908751973128 38.49950299998593)
SILVERDO_1_N002,38.49950299998593,-122.45920248026871,LOAD,CA,45.90241,POINT (-122.45920248026871 38.49950299998593)
SISK_LNODEKZH,37.69048760173528,-121.02087456863451,LOAD,BANC,47.72483,POINT (-121.02087456863451 37.69048760173528)
SISK_LNODEYUP,37.69057307242136,-121.0209119194331,LOAD,BANC,47.72483,POINT (-121.0209119194331 37.69057307242136)
SISQUOC_1_N001,34.87826099998756,-120.33120693531723,LOAD,CA,48.58707,POINT (-120.33120693531723 34.87826099998756)
SISQUOC_1_N020,34.87826099998756,-120.33131706468278,LOAD,CA,48.58707,POINT (-120.33131706468278 34.87826099998756)
SLMNCRK_6_N001,38.343592,-123.044809,LOAD,CA,47.95285,POINT (-123.044809 38.343592)
SMRTVLTP_6_N101,39.207939,-121.301476,LOAD,CA,46.90092,POINT (-121.301476 39.207939)
SMTRPCWS_1_N001,35.59,-119.44,LOAD,CA,46.6662,POINT (-119.44 35.59)
SNANDRES_6_N001,37.603294,-122.420424,LOAD,CA,48.50564,POINT (-122.420424 37.603294)
SNBRNRD_6_N001,35.092421,-118.878241,LOAD,CA,46.135,POINT (-118.878241 35.092421)
SNJOSEB_1_N001,37.34102432531631,-121.9009493888098,LOAD,CA,49.00045,POINT (-121.9009493888098 37.34102432531631)
SNJOSEB_1_N005,37.34084367457506,-121.9009493890831,LOAD,CA,49.00045,POINT (-121.9009493890831 37.34084367457506)
SNJOSEB_1_N009,37.34084367457506,-121.9011766109169,LOAD,CA,49.00045,POINT (-121.9011766109169 37.34084367457506)
SNJOSEB_1_N013,37.34102432531631,-121.9011766111902,LOAD,CA,49.00045,POINT (-121.9011766111902 37.34102432531631)
SNJSEA_1_N001,37.328246190599145,-121.902531,LOAD,CA,48.98141,POINT (-121.902531 37.328246190599145)
SNJSEA_1_N005,37.32816490468582,-121.90247198103432,LOAD,CA,48.98141,POINT (-121.90247198103432 37.32816490468582)
SNJSEA_1_N101,37.32816490468582,-121.90259001896567,LOAD,CA,48.98141,POINT (-121.90259001896567 37.32816490468582)
SNLNDRO_1_N001,37.711237436769906,-122.14880668270004,LOAD,CA,48.94491,POINT (-122.14880668270004 37.711237436769906)
SNLNDRO_1_N014,37.71105656311971,-122.14880668297907,LOAD,CA,48.94491,POINT (-122.14880668297907 37.71105656311971)
SNLNDRO_1_N017,37.71105656311971,-122.14903531702092,LOAD,CA,48.94491,POINT (-122.14903531702092 37.71105656311971)
SNLNDRO_1_N027,37.711237436769906,-122.14903531729996,LOAD,CA,48.94491,POINT (-122.14903531729996 37.711237436769906)
SNROSA_LNODEMEA,37.5099999999863,-121.22994301594794,LOAD,BANC,47.68651,POINT (-121.22994301594794 37.5099999999863)
SNROSA_LNODEYWX,37.5099999999863,-121.23005698405206,LOAD,BANC,47.68651,POINT (-121.23005698405206 37.5099999999863)
SNTAMRA_1_N001,33.12877399995433,-117.19738293065951,LOAD,CA,48.61581,POINT (-117.19738293065951 33.12877399995433)
SNTAMRA_1_N005,33.12885155124498,-117.19732946537698,LOAD,CA,48.61581,POINT (-117.19732946537698 33.12885155124498)
SNTANLA_6_N001,37.085979,-121.013273,LOAD,CA,47.6434,POINT (-121.013273 37.085979)
SNTARSA_1_N001,38.43691201584367,-122.71331,LOAD,CA,46.96619,POINT (-122.71331 38.43691201584367)
SNTARSA_1_N002,38.43683099206306,-122.71325027901105,LOAD,CA,46.96619,POINT (-122.71325027901105 38.43683099206306)
SNTARSA_1_N006,38.43683099206306,-122.71336972098895,LOAD,CA,46.96619,POINT (-122.71336972098895 38.43683099206306)
SNTARTA_6_N001,37.055061,-120.634086,LOAD,CA,47.91644,POINT (-120.634086 37.055061)
SNTAYNZ_1_N001,34.625273999987726,-120.11813905143147,LOAD,CA,48.9655,POINT (-120.11813905143147 34.625273999987726)
SNTAYNZ_1_N002,34.625273999987726,-120.11824894856854,LOAD,CA,48.9655,POINT (-120.11824894856854 34.625273999987726)
SNTHLNE_6_N001,37.6223639999863,-122.44717791303894,LOAD,CA,48.63018,POINT (-122.44717791303894 37.6223639999863)
SNTHLNE_6_N002,37.6223639999863,-122.44729208696106,LOAD,CA,48.63018,POINT (-122.44729208696106 37.6223639999863)
SOBRANTE_1_N001,37.90594,-122.208144,LOAD,CA,47.21181,POINT (-122.208144 37.90594)
SOLEDAD_6_N001,36.429513,-121.331901,LOAD,CA,48.79305,POINT (-121.331901 36.429513)
SONOFRE_2_N067,33.3697279999884,-117.55438367777961,LOAD,CA,47.68651,POINT (-117.55438367777961 33.3697279999884)
SOUTHBAS_1_N001,34.881503,-117.892023,LOAD,CA,48.9853,POINT (-117.892023 34.881503)
SOUTHBY_6_N001,38.575612901218726,-121.497588,LOAD,CA,47.54759,POINT (-121.497588 38.575612901218726)
SOUTH_LNODE108,40.39538221,-121.8791458,LOAD,TEPC,45.50697,POINT (-121.8791458 40.39538221)
SOUTH_LNODE204,40.39538220993951,-121.87902727370097,LOAD,TEPC,45.50697,POINT (-121.87902727370097 40.39538220993951)
SOUTH_LNODEAERO,40.39529194143137,-121.87902727385986,LOAD,TEPC,45.50697,POINT (-121.87902727385986 40.39529194143137)
SOUTH_LNODEC542,40.39522811201244,-121.87911108453021,LOAD,TEPC,45.50697,POINT (-121.87911108453021 40.39522811201244)
SOUTH_LNODEC544,40.39521284740522,-121.87922790359386,LOAD,TEPC,45.50697,POINT (-121.87922790359386 40.39521284740522)
SOUTH_LNODEC546,40.39524411201219,-121.8793390934442,LOAD,TEPC,45.50697,POINT (-121.8793390934442 40.39524411201219)
SOUTH_LNODEC547,40.39530994650243,-121.87942018597366,LOAD,TEPC,45.50697,POINT (-121.87942018597366 40.39530994650243)
SOUTH_LNODEC548,40.395395258043976,-121.87945892278287,LOAD,TEPC,45.50697,POINT (-121.87945892278287 40.395395258043976)
SOUTH_LNODEC549,40.3954853917418,-121.8794524474595,LOAD,TEPC,45.50697,POINT (-121.8794524474595 40.3954853917418)
SOUTH_LNODEC550,40.39556796052161,-121.87940454742642,LOAD,TEPC,45.50697,POINT (-121.87940454742642 40.39556796052161)
SOUTH_LNODEC552,40.39563364702395,-121.87932324786672,LOAD,TEPC,45.50697,POINT (-121.87932324786672 40.39563364702395)
SOUTH_LNODEDIST1,40.39567638282478,-121.87921884573905,LOAD,TEPC,45.50697,POINT (-121.87921884573905 40.39567638282478)
SOUTH_LNODEDIST4,40.39569315612711,-121.87910238309689,LOAD,TEPC,45.51176,POINT (-121.87910238309689 40.39569315612711)
SPANSHCK_6_N001,40.026139,-120.961748,LOAD,CA,44.04116,POINT (-120.961748 40.026139)
SPENCE_6_N001,36.613591,-121.566779,LOAD,CA,49.02777,POINT (-121.566779 36.613591)
SPICAMIN_1_N001,38.73992576174639,-120.67723108004192,LOAD,CA,47.18833,POINT (-120.67723108004192 38.73992576174639)
SPRINGVL_6_N001,36.10586253074472,-118.93516918490357,LOAD,CA,48.4242,POINT (-118.93516918490357 36.10586253074472)
SPRNGVLY_6_N001,32.73903399998875,-117.00264674817954,LOAD,CA,47.82543,POINT (-117.00264674817954 32.73903399998875)
SPRNGVLY_6_N010,32.73903399998875,-117.00275325182045,LOAD,CA,47.82543,POINT (-117.00275325182045 32.73903399998875)
SQAWVLY_LNODE01,39.20568653401713,-120.20123845453338,LOAD,NV,45.74648,POINT (-120.20123845453338 39.20568653401713)
SQAWVLY_LNODE81,39.20550746586879,-120.20123845482796,LOAD,NV,45.74648,POINT (-120.20123845482796 39.20550746586879)
SQAWVLY_LNODE82,39.20550746586879,-120.20146954517205,LOAD,NV,45.74648,POINT (-120.20146954517205 39.20550746586879)
SQAWVLY_LNODE83,39.20568653401713,-120.20146954546662,LOAD,NV,45.74648,POINT (-120.20146954546662 39.20568653401713)
STAFFORD_6_N002,38.12003299998604,-122.61362861905879,LOAD,CA,47.04775,POINT (-122.61362861905879 38.12003299998604)
STAFFORD_6_N101,38.12003299998604,-122.6137433809412,LOAD,CA,47.04775,POINT (-122.6137433809412 38.12003299998604)
STAGG_2_N001,37.99164936143144,-121.34848834268168,LOAD,CA,47.47095,POINT (-121.34848834268168 37.99164936143144)
STAGG_2_N014,37.99146863845723,-121.34848834296415,LOAD,CA,47.47095,POINT (-121.34848834296415 37.99146863845723)
STAGG_6_N001,37.99146863845723,-121.34871765703586,LOAD,CA,47.49011,POINT (-121.34871765703586 37.99146863845723)
STAGG_6_N003,37.99164936143144,-121.34871765731833,LOAD,CA,47.49011,POINT (-121.34871765731833 37.99164936143144)
STAMPEDE_LNODE19,39.46748199998557,-120.10518300964912,LOAD,NV,45.54529,POINT (-120.10518300964912 39.46748199998557)
STATELN_LNODE01,38.95238461856907,-119.94181675988908,LOAD,NV,45.70816,POINT (-119.94181675988908 38.95238461856907)
STATELN_LNODE22,38.952205381317675,-119.94181676018052,LOAD,NV,45.70816,POINT (-119.94181676018052 38.952205381317675)
STATELN_LNODE23,38.952205381317675,-119.94204723981947,LOAD,NV,45.70816,POINT (-119.94204723981947 38.952205381317675)
STATELN_LNODELY,38.95238461856907,-119.94204724011091,LOAD,NV,45.70816,POINT (-119.94204724011091 38.95238461856907)
STATIN-L_7_N001,37.81024899998616,-122.271385771776,LOAD,CA,47.88651,POINT (-122.271385771776 37.81024899998616)
STATIND_1_N001,37.837585251800924,-122.263503,LOAD,CA,47.78604,POINT (-122.263503 37.837585251800924)
STATIND_1_N010,37.83750387408463,-122.26344350874284,LOAD,CA,47.78604,POINT (-122.26344350874284 37.83750387408463)
STATIND_1_N013,37.83750387408463,-122.26356249125715,LOAD,CA,47.78604,POINT (-122.26356249125715 37.83750387408463)
STATINJ_1_N001,37.76334825993251,-122.214444,LOAD,CA,49.66823,POINT (-122.214444 37.76334825993251)
STATINJ_1_N012,37.763266870018874,-122.21438455959633,LOAD,CA,49.66823,POINT (-122.21438455959633 37.763266870018874)
STATINJ_1_N027,37.763266870018874,-122.21450344040367,LOAD,CA,49.66823,POINT (-122.21450344040367 37.763266870018874)
STATINL_1_N001,37.81024899998616,-122.271500228224,LOAD,CA,47.88651,POINT (-122.271500228224 37.81024899998616)
STATINX_1_N001,37.80554442667025,-122.23091354965457,LOAD,CA,47.8816,POINT (-122.23091354965457 37.80554442667025)
STATINX_1_N012,37.805363573219,-122.23091354993484,LOAD,CA,47.8816,POINT (-122.23091354993484 37.805363573219)
STATINX_1_N014,37.805363573219,-122.23114245006515,LOAD,CA,47.8816,POINT (-122.23114245006515 37.805363573219)
STATINX_1_N024,37.80554442667025,-122.23114245034543,LOAD,CA,47.8816,POINT (-122.23114245034543 37.80554442667025)
STB_LNODE201,38.57233333333333,-121.483291944444,LOAD,BANC,47.08774,POINT (-121.483291944444 38.57233333333333)
STB_LNODE202,38.57233333327705,-121.48317695138249,LOAD,BANC,47.08774,POINT (-121.48317695138249 38.57233333327705)
STB_LNODE203,38.57224342921349,-121.48317695152639,LOAD,BANC,47.08774,POINT (-121.48317695152639 38.57224342921349)
STB_LNODE204,38.57217985749196,-121.48325826382802,LOAD,BANC,47.08774,POINT (-121.48325826382802 38.57217985749196)
STB_LNODE205,38.572164654514715,-121.48337160056485,LOAD,BANC,47.08774,POINT (-121.48337160056485 38.572164654514715)
STB_LNODE206,38.57219579290459,-121.48347947588752,LOAD,BANC,47.08774,POINT (-121.48347947588752 38.57219579290459)
STB_LNODE207,38.5722613616095,-121.48355815106362,LOAD,BANC,47.08774,POINT (-121.48355815106362 38.5722613616095)
STB_LNODE208,38.57234632872595,-121.48359573311588,LOAD,BANC,47.08774,POINT (-121.48359573311588 38.57234632872595)
STB_LNODE209,38.57243609852223,-121.48358945079376,LOAD,BANC,47.08774,POINT (-121.48358945079376 38.57243609852223)
STB_LNODE210,38.57251833393617,-121.48354297863219,LOAD,BANC,47.08774,POINT (-121.48354297863219 38.57251833393617)
STB_LNODE211,38.572583755229644,-121.4834641025941,LOAD,BANC,47.08774,POINT (-121.4834641025941 38.572583755229644)
STB_LNODE212,38.57262631848412,-121.48336281268834,LOAD,BANC,47.08774,POINT (-121.48336281268834 38.57262631848412)
STCKTNAR_6_N001,37.963279,-121.323476,LOAD,CA,47.56197,POINT (-121.323476 37.963279)
STCRUZ_LNODECXA,37.627559999986325,-120.97504290860819,LOAD,BANC,47.8398,POINT (-120.97504290860819 37.627559999986325)
STCRUZ_LNODEWLS,37.627559999986325,-120.97515709139182,LOAD,BANC,47.8398,POINT (-120.97515709139182 37.627559999986325)
STDDRD_LNODECEA,37.704079999986206,-121.06864284680097,LOAD,BANC,47.72004,POINT (-121.06864284680097 37.704079999986206)
STDDRD_LNODEWZO,37.704079999986206,-121.06875715319903,LOAD,BANC,47.72004,POINT (-121.06875715319903 37.704079999986206)
STDOIL_1_N009,37.94,-122.38,LOAD,CA,47.52797,POINT (-122.38 37.94)
STD_LNODENE1,38.57225,-121.500568888889,LOAD,BANC,47.08774,POINT (-121.500568888889 38.57225)
STD_LNODENE2,38.572249999943736,-121.50045389586575,LOAD,BANC,47.08774,POINT (-121.50045389586575 38.572249999943736)
STD_LNODENE4,38.57217214071853,-121.50051139243968,LOAD,BANC,47.08774,POINT (-121.50051139243968 38.57217214071853)
STD_LNODENE5,38.57217214071853,-121.50062638533832,LOAD,BANC,47.08774,POINT (-121.50062638533832 38.57217214071853)
STD_LNODENE6,38.572249999943736,-121.50068388191225,LOAD,BANC,47.08774,POINT (-121.50068388191225 38.572249999943736)
STD_LNODENE7,38.57232785925329,-121.50062638546294,LOAD,BANC,47.08774,POINT (-121.50062638546294 38.57232785925329)
STD_LNODENE8,38.57232785925329,-121.50051139231506,LOAD,BANC,47.08774,POINT (-121.50051139231506 38.57232785925329)
STELLING_1_N001,37.3360521934471,-122.042805,LOAD,CA,48.24899,POINT (-122.042805 37.3360521934471)
STELLING_1_N004,37.33597090326187,-122.04274597179945,LOAD,CA,48.24899,POINT (-122.04274597179945 37.33597090326187)
STELLING_1_N007,37.33597090326187,-122.04286402820055,LOAD,CA,48.24899,POINT (-122.04286402820055 37.33597090326187)
STE_SM_LNODE301,38.58631666666667,-121.472838888889,LOAD,BANC,47.08774,POINT (-121.472838888889 38.58631666666667)
STE_SM_LNODE302,38.586316666610415,-121.47272388936047,LOAD,BANC,47.08774,POINT (-121.47272388936047 38.586316666610415)
STE_SM_LNODE303,38.58622677499287,-121.47272388950444,LOAD,BANC,47.08774,POINT (-121.47272388950444 38.58622677499287)
STE_SM_LNODE304,38.58616321207191,-121.47280520637891,LOAD,BANC,47.08774,POINT (-121.47280520637891 38.58616321207191)
STE_SM_LNODE305,38.58614801119931,-121.4729185494895,LOAD,BANC,47.08774,POINT (-121.4729185494895 38.58614801119931)
STE_SM_LNODE306,38.58617914527848,-121.47302643087885,LOAD,BANC,47.08774,POINT (-121.47302643087885 38.58617914527848)
STE_SM_LNODE307,38.58624470490619,-121.47310511047952,LOAD,BANC,47.08774,POINT (-121.47310511047952 38.58624470490619)
STE_SM_LNODE308,38.586329660260105,-121.47314269464546,LOAD,BANC,47.08774,POINT (-121.47314269464546 38.586329660260105)
STE_SM_LNODE309,38.58641941762905,-121.47313641197016,LOAD,BANC,47.08774,POINT (-121.47313641197016 38.58641941762905)
STF_LNODEDAX,37.69055999998624,-121.02097285725026,LOAD,BANC,47.74878,POINT (-121.02097285725026 37.69055999998624)
STF_LNODEIPN,37.69055999998624,-121.02108714274974,LOAD,BANC,47.74878,POINT (-121.02108714274974 37.69055999998624)
STJ_SUB_LNODEONB,34.067054141297895,-118.226,LOAD,LADWP,46.762,POINT (-118.226 34.067054141297895)
STJ_SUB_LNODEONC,34.06697292933807,-118.22594339850212,LOAD,LADWP,46.762,POINT (-118.22594339850212 34.06697292933807)
STJ_SUB_LNODEOND,34.06697292933807,-118.22605660149787,LOAD,LADWP,46.762,POINT (-118.22605660149787 34.06697292933807)
STKTONA_1_N001,37.94722338217881,-121.28911838573319,LOAD,CA,47.46616,POINT (-121.28911838573319 37.94722338217881)
STKTONA_1_N003,37.947042617710025,-121.28911838601516,LOAD,CA,47.46616,POINT (-121.28911838601516 37.947042617710025)
STKTONA_6_N001,37.947042617710025,-121.28934761398483,LOAD,CA,47.40389,POINT (-121.28934761398483 37.947042617710025)
STKTONA_6_N004,37.94722338217881,-121.2893476142668,LOAD,CA,47.40389,POINT (-121.2893476142668 37.94722338217881)
STLLWATR_6_N001,40.677845,-122.34971,LOAD,CA,46.72368,POINT (-122.34971 40.677845)
STOCKDLE_1_N001,35.316584007161445,-119.06818269302951,LOAD,CA,46.96319,POINT (-119.06818269302951 35.316584007161445)
STOCKDL_2_N001,35.31640399273835,-119.06818269327503,LOAD,CA,46.71889,POINT (-119.06818269327503 35.31640399273835)
STOCKDL_2_N002,35.31640399273835,-119.06840330672496,LOAD,CA,46.71889,POINT (-119.06840330672496 35.31640399273835)
STOCKDL_2_N101,35.316584007161445,-119.0684033069705,LOAD,CA,46.71889,POINT (-119.0684033069705 35.316584007161445)
STOCKM_LNODEVZF,37.62761110994497,-120.9752808828705,LOAD,BANC,47.72962,POINT (-120.9752808828705 37.62761110994497)
STOCKM_LNODEXFA,37.62770154232185,-120.9751667,LOAD,BANC,47.72962,POINT (-120.9751667 37.62770154232185)
STONCRRL_6_N001,36.472251999987044,-119.18811326795893,LOAD,CA,51.60011,POINT (-119.18811326795893 36.472251999987044)
STONCRRL_6_N003,36.472251999987044,-119.18822473204106,LOAD,CA,51.60011,POINT (-119.18822473204106 36.472251999987044)
STONE_1_N001,37.303708999986505,-121.86757223713448,LOAD,CA,48.82849,POINT (-121.86757223713448 37.303708999986505)
STONE_1_N005,37.303708999986505,-121.8676857628655,LOAD,CA,48.82849,POINT (-121.8676857628655 37.303708999986505)
STONYPT_1_N001,38.42,-122.78,LOAD,CA,47.05721,POINT (-122.78 38.42)
STOREY1_2_N001,36.98288702744317,-120.033746,LOAD,CA,50.86721,POINT (-120.033746 36.98288702744317)
STOREY2_2_N001,36.98280598626407,-120.03380457310557,LOAD,CA,50.872,POINT (-120.03380457310557 36.98280598626407)
STREAMVW_6_N001,32.745604999988714,-117.07864474591278,LOAD,CA,47.86375,POINT (-117.07864474591278 32.745604999988714)
STREAMVW_6_N007,32.745604999988714,-117.07875125408721,LOAD,CA,47.86375,POINT (-117.07875125408721 32.745604999988714)
STROUD_6_N001,36.530868,-120.104386,LOAD,CA,49.74151,POINT (-120.104386 36.530868)
STUART_6_N001,33.256701,-117.416547,LOAD,CA,47.94518,POINT (-117.416547 33.256701)
STURLOCK_LNODEDR3,37.4835881458663,-120.846727672541,LOAD,TIDC,47.48532,POINT (-120.846727672541 37.4835881458663)
STURLOCK_LNODEDR4,37.4835360336794,-120.846797393384,LOAD,TIDC,47.48532,POINT (-120.846797393384 37.4835360336794)
STURLOCK_LNODEDR7,37.4834830942642,-120.846867453726,LOAD,TIDC,47.48532,POINT (-120.846867453726 37.4834830942642)
STURLOCK_LNODER13,37.483522165007,-120.846657059231,LOAD,TIDC,47.48532,POINT (-120.846657059231 37.483522165007)
SUISUN_1_N001,38.24526219208727,-122.04122215940386,LOAD,CA,47.66256,POINT (-122.04122215940386 38.24526219208727)
SUISUN_1_N008,38.24508180780079,-122.04122215968883,LOAD,CA,47.66256,POINT (-122.04122215968883 38.24508180780079)
SUISUN_1_N009,38.24508180780079,-122.04145184031117,LOAD,CA,47.66256,POINT (-122.04145184031117 38.24508180780079)
SUMMIT_6_N001,39.319203,-120.378897,LOAD,CA,45.82791,POINT (-120.378897 39.319203)
SUNOL_6_N001,37.586891,-121.869379,LOAD,CA,48.50478,POINT (-121.869379 37.586891)
SURF_1_N009,34.61,-120.22,LOAD,CA,48.95592,POINT (-120.22 34.61)
SWEETWTR_6_N017,32.65811799998879,-117.0916867727539,LOAD,CA,47.50448,POINT (-117.0916867727539 32.65811799998879)
SWEETWTR_6_N018,32.65811799998879,-117.0917932272461,LOAD,CA,47.50448,POINT (-117.0917932272461 32.65811799998879)
SWIFT_1_N001,37.3225281884819,-121.796729,LOAD,CA,48.4115,POINT (-121.796729 37.3225281884819)
SWIFT_1_N003,37.322446905744414,-121.79666998783091,LOAD,CA,48.4115,POINT (-121.79666998783091 37.322446905744414)
SWIFT_1_N006,37.322446905744414,-121.79678801216909,LOAD,CA,48.4115,POINT (-121.79678801216909 37.322446905744414)
SYCAMORE_1_N101,39.76991684305054,-121.824218,LOAD,CA,46.92966,POINT (-121.824218 39.76991684305054)
SYCAMORE_1_N201,39.76983607845885,-121.82415733357864,LOAD,CA,46.92966,POINT (-121.82415733357864 39.76983607845885)
SYCAMORE_1_N301,39.76983607845885,-121.82427866642136,LOAD,CA,46.93445,POINT (-121.82427866642136 39.76983607845885)
SYLVANCM_LNODECPR,37.688469999986225,-120.97663285888366,LOAD,BANC,47.69609,POINT (-120.97663285888366 37.688469999986225)
SYLVANCM_LNODEHGR,37.688469999986225,-120.97674714111633,LOAD,BANC,47.69609,POINT (-120.97674714111633 37.688469999986225)
TAFT1_1_N001,35.14999999998751,-119.47994486994581,LOAD,CA,46.56081,POINT (-119.47994486994581 35.14999999998751)
TAFT1_1_N004,35.14999999998751,-119.48005513005418,LOAD,CA,46.56081,POINT (-119.48005513005418 35.14999999998751)
TAHDONR_LNODE07,39.337309,-120.221277,LOAD,NV,45.75606,POINT (-120.221277 39.337309)
TAHOCTY_LNODE01,39.165971540038264,-120.14445351203682,LOAD,NV,45.77043,POINT (-120.14445351203682 39.165971540038264)
TAHOCTY_LNODE71,39.16579245984778,-120.14445351233086,LOAD,NV,45.77043,POINT (-120.14445351233086 39.16579245984778)
TAHOCTY_LNODE72,39.16579245984778,-120.14468448766914,LOAD,NV,45.77043,POINT (-120.14468448766914 39.16579245984778)
TAHOCTY_LNODE73,39.165971540038264,-120.14468448796318,LOAD,NV,45.74648,POINT (-120.14468448796318 39.165971540038264)
TAMARACK_6_N001,39.313743,-120.496804,LOAD,CA,45.81833,POINT (-120.496804 39.313743)
TAMARISK_1_N001,33.817316,-116.454898,LOAD,CA,46.70931,POINT (-116.454898 33.817316)
TAP710_1_N004,32.595376662064226,-117.0577334243903,LOAD,CA,-32.06,POINT (-117.0577334243903 32.595376662064226)
TAP801_1_N001,34.109614,-116.411837,LOAD,CA,47.36557,POINT (-116.411837 34.109614)
TAP807_1_N001,34.0,-116.5,LOAD,CA,46.89613,POINT (-116.5 34)
TAR_SUB_LNODEONA,34.17905418777958,-118.544,LOAD,LADWP,46.762,POINT (-118.544 34.17905418777958)
TAR_SUB_LNODEONB,34.1789729060972,-118.54394327481864,LOAD,LADWP,46.762,POINT (-118.54394327481864 34.1789729060972)
TAR_SUB_LNODEONC,34.1789729060972,-118.54405672518136,LOAD,LADWP,46.762,POINT (-118.54405672518136 34.1789729060972)
TASSAJAR_2_N001,37.79959499998613,-121.9077887787453,LOAD,CA,47.47947,POINT (-121.9077887787453 37.79959499998613)
TASSAJAR_2_N002,37.79959499998613,-121.9079032212547,LOAD,CA,47.47947,POINT (-121.9079032212547 37.79959499998613)
TAYLOR_LNODEDR1,37.5369331958297,-120.809398426319,LOAD,TIDC,47.47574,POINT (-120.809398426319 37.5369331958297)
TAYLOR_LNODEDR5,37.5369383829719,-120.809348192848,LOAD,TIDC,47.47574,POINT (-120.809348192848 37.5369383829719)
TAYLOR_LNODEDR7,37.536937531095,-120.809217269976,LOAD,TIDC,47.47574,POINT (-120.809217269976 37.536937531095)
TAYLOR_LNODEDR8,37.5369366699963,-120.809289591436,LOAD,TIDC,47.47574,POINT (-120.809289591436 37.5369366699963)
TECUYA_6_N001,35.018589,-118.979536,LOAD,CA,46.40073,POINT (-118.979536 35.018589)
TEICHERT_1_N001,37.79,-121.36,LOAD,CA,47.75357,POINT (-121.36 37.79)
TEJON_6_N001,35.019534,-118.954779,LOAD,CA,46.38814,POINT (-118.954779 35.019534)
TELECYN_1_N001,32.6379177816674,-117.01607,LOAD,CA,46.96798,POINT (-117.01607 32.6379177816674)
TELECYN_1_N006,32.63783710915427,-117.01601469007429,LOAD,CA,46.96798,POINT (-117.01601469007429 32.63783710915427)
TELECYN_1_N014,32.63783710915427,-117.01612530992571,LOAD,CA,46.96798,POINT (-117.01612530992571 32.63783710915427)
TEMBLOR_1_N003,35.382795999987465,-119.69634883811833,LOAD,CA,46.96798,POINT (-119.69634883811833 35.382795999987465)
TEMPLETN_2_N008,35.554496,-120.679996,LOAD,CA,47.60508,POINT (-120.679996 35.554496)
TERMNOUS_6_N001,38.116464,-121.422007,LOAD,CA,47.72483,POINT (-121.422007 38.116464)
TESSUB_2_N001,37.73,-121.93,LOAD,CA,47.97392,POINT (-121.93 37.73)
TEVIS_1_N001,35.319191999987495,-119.12859784623319,LOAD,CA,46.98714,POINT (-119.12859784623319 35.319191999987495)
TEVIS_1_N003,35.319191999987495,-119.12870815376681,LOAD,CA,46.93924,POINT (-119.12870815376681 35.319191999987495)
TEXSUN1G_7_N001,35.36999999998748,-119.4800551602316,LOAD,CA,45.60277,POINT (-119.4800551602316 35.36999999998748)
TEXSUN2G_7_N001,35.3599999999875,-119.48005515895167,LOAD,CA,45.60277,POINT (-119.48005515895167 35.3599999999875)
THORNHIL_1_N001,33.833699,-116.524642,LOAD,CA,47.19312,POINT (-116.524642 33.833699)
TIDEWATR_2_N001,38.01989465330933,-122.06150068264388,LOAD,CA,46.84956,POINT (-122.06150068264388 38.01989465330933)
TIDEWATR_2_N014,38.02007534657929,-122.06150068292666,LOAD,CA,46.84956,POINT (-122.06150068292666 38.02007534657929)
TLRELKE_6_N001,36.003703,-119.948802,LOAD,CA,47.38952,POINT (-119.948802 36.003703)
TOCALOMA_6_N001,38.05521,-122.760914,LOAD,CA,47.2154,POINT (-122.760914 38.05521)
TOL_SUB_LNODEONA,34.175740310821865,-118.36069083905292,LOAD,LADWP,46.762,POINT (-118.36069083905292 34.175740310821865)
TOL_SUB_LNODEONB,34.1755596890815,-118.36069083928658,LOAD,LADWP,46.78116,POINT (-118.36069083928658 34.1755596890815)
TOL_SUB_LNODEONC,34.1755596890815,-118.36090916071342,LOAD,LADWP,46.762,POINT (-118.36090916071342 34.1755596890815)
TOL_SUB_LNODEOND,34.175740310821865,-118.36090916094707,LOAD,LADWP,46.762,POINT (-118.36090916094707 34.175740310821865)
TOREYPNS_6_N001,32.89877953728695,-117.23987836114813,LOAD,CA,47.91644,POINT (-117.23987836114813 32.89877953728695)
TOREYPNS_6_N007,32.89860046262259,-117.23987836136372,LOAD,CA,47.91644,POINT (-117.23987836136372 32.89860046262259)
TOREYPNS_6_N008,32.89860046262259,-117.24009163863627,LOAD,CA,47.91644,POINT (-117.24009163863627 32.89860046262259)
TOREYPNS_6_N009,32.89877953728695,-117.24009163885188,LOAD,CA,47.91644,POINT (-117.24009163885188 32.89877953728695)
TORTILLA_1_N007,34.874547,-117.064691,LOAD,CA,47.419,POINT (-117.064691 34.874547)
TRABUCO_1_N001,33.5630767991568,-117.67324523376014,LOAD,CA,47.85896,POINT (-117.67324523376014 33.5630767991568)
TRABUCO_1_N005,33.562897200749894,-117.67324523398426,LOAD,CA,47.85896,POINT (-117.67324523398426 33.562897200749894)
TRABUCO_1_N009,33.562897200749894,-117.67346076601574,LOAD,CA,47.85896,POINT (-117.67346076601574 33.562897200749894)
TRABUCO_1_N013,33.5630767991568,-117.67346076623986,LOAD,CA,47.85896,POINT (-117.67346076623986 33.5630767991568)
TRACY_1_N001,37.748395999944734,-121.41564562794372,LOAD,CA,47.48053,POINT (-121.41564562794372 37.748395999944734)
TRACY_1_N002,37.748305565247314,-121.41576,LOAD,CA,47.48053,POINT (-121.41576 37.748305565247314)
TRACY_1_N007,37.748395999944734,-121.41587437205628,LOAD,CA,47.48053,POINT (-121.41587437205628 37.748395999944734)
TRACY_1_N101,37.74848643475262,-121.41576,LOAD,CA,47.48053,POINT (-121.41576 37.74848643475262)
TRESVIS_6_N001,39.486707,-121.687993,LOAD,CA,46.83385,POINT (-121.687993 39.486707)
TRIMBLE_1_N004,37.42009036798162,-121.72988621524279,LOAD,CA,49.05279,POINT (-121.72988621524279 37.42009036798162)
TRIMBLE_1_N010,37.41990963190925,-121.72988621551741,LOAD,CA,49.05279,POINT (-121.72988621551741 37.41990963190925)
TRIMBLE_1_N016,37.41990963190925,-121.7301137844826,LOAD,CA,49.05279,POINT (-121.7301137844826 37.41990963190925)
TRIMBLE_1_N020,37.42009036798162,-121.73011378475721,LOAD,CA,49.05279,POINT (-121.73011378475721 37.42009036798162)
TRINIDAD_6_N001,41.064242,-124.128367,LOAD,CA,46.33088,POINT (-124.128367 41.064242)
TRUCKEE_LNODE02,39.330431720184855,-120.181195,LOAD,NV,45.75127,POINT (-120.181195 39.330431720184855)
TRUCKEE_LNODE03,39.33035113989209,-120.18113485420918,LOAD,NV,45.75127,POINT (-120.18113485420918 39.33035113989209)
TRUCKEE_LNODE49,39.33035113989209,-120.18125514579083,LOAD,NV,45.73211,POINT (-120.18125514579083 39.33035113989209)
TUDOR_6_N001,38.982071,-121.635205,LOAD,CA,47.03025,POINT (-121.635205 38.982071)
TULUCAY_6_N001,38.247946,-122.268228,LOAD,CA,47.01588,POINT (-122.268228 38.247946)
TUPMAN_1_N101,35.354039,-119.270638,LOAD,CA,46.54644,POINT (-119.270638 35.354039)
TVYVLLY_6_N001,36.770622,-119.393233,LOAD,CA,51.21689,POINT (-119.393233 36.770622)
TXROSDL_1_N001,35.37695301426363,-119.07791367489159,LOAD,CA,46.77637,POINT (-119.07791367489159 35.37695301426363)
TXROSDL_1_N002,35.37695301426363,-119.0780283251084,LOAD,CA,46.77637,POINT (-119.0780283251084 35.37695301426363)
TYLER_6_N001,40.138392982499205,-122.20848578836895,LOAD,CA,48.55833,POINT (-122.20848578836895 40.138392982499205)
TYLER_6_N002,40.138392982499205,-122.20860821163106,LOAD,CA,48.55833,POINT (-122.20860821163106 40.138392982499205)
UCM_6_N001,32.88368472395273,-117.222424,LOAD,CA,47.93081,POINT (-117.222424 32.88368472395273)
UCM_6_N002,32.88360413801135,-117.22236859671557,LOAD,CA,47.93081,POINT (-117.22236859671557 32.88360413801135)
UCM_6_N006,32.88360413801135,-117.22247940328444,LOAD,CA,47.93081,POINT (-117.22247940328444 32.88360413801135)
UKIAH_1_N001,39.142823455087914,-123.19204845611492,LOAD,CA,47.06378,POINT (-123.19204845611492 39.142823455087914)
UKIAH_1_N005,39.14300254479826,-123.19204845640866,LOAD,CA,47.06378,POINT (-123.19204845640866 39.14300254479826)
UPPRLKE_6_N001,39.145906,-122.916845,LOAD,CA,47.20749,POINT (-122.916845 39.145906)
URBAN_6_N001,32.71330799998875,-117.15140275665348,LOAD,CA,47.74399,POINT (-117.15140275665348 32.71330799998875)
URBAN_6_N005,32.71330799998875,-117.15150924334651,LOAD,CA,47.74399,POINT (-117.15150924334651 32.71330799998875)
URICH_6_N001,38.029918,-122.103005,LOAD,CA,47.69108,POINT (-122.103005 38.029918)
VACA-DIX_1_N001,38.401616982566644,-121.91986928712716,LOAD,CA,47.03983,POINT (-121.91986928712716 38.401616982566644)
VACAVIL_1_N001,38.356520058867716,-121.97951,LOAD,CA,47.07815,POINT (-121.97951 38.356520058867716)
VACAVIL_1_N101,38.35643897055109,-121.97945029786577,LOAD,CA,47.14043,POINT (-121.97945029786577 38.35643897055109)
VACAVIL_1_N102,38.35643897055109,-121.97956970213424,LOAD,CA,47.14043,POINT (-121.97956970213424 38.35643897055109)
VALCNTR_6_N001,33.230683,-117.018401,LOAD,CA,48.4242,POINT (-117.018401 33.230683)
VALLEYSC_1_N001,33.738397971600605,-117.156432,LOAD,CA,47.15959,POINT (-117.156432 33.738397971600605)
VALLEYSC_1_N107,33.738317014186954,-117.15648820699798,LOAD,CA,47.16438,POINT (-117.15648820699798 33.738317014186954)
VALLYHM_1_N001,37.85575599998615,-120.94408374338772,LOAD,CA,46.38836,POINT (-120.94408374338772 37.85575599998615)
VALLYVW_1_N001,37.96607299998612,-122.27841868352904,LOAD,CA,47.37492,POINT (-122.27841868352904 37.96607299998612)
VALLYVW_1_N003,37.96607299998612,-122.27853331647096,LOAD,CA,47.37492,POINT (-122.27853331647096 37.96607299998612)
VAL_GS_LNODE5AUX,34.24482148241572,-118.3914027121072,LOAD,LADWP,46.76679,POINT (-118.3914027121072 34.24482148241572)
VAL_GS_LNODE6AUX,34.24485277566131,-118.39150524618782,LOAD,LADWP,46.76679,POINT (-118.39150524618782 34.24485277566131)
VAL_GS_LNODE7AUX,34.24491867043375,-118.39158002588233,LOAD,LADWP,46.76679,POINT (-118.39158002588233 34.24491867043375)
VAL_GS_LNODE8AUX,34.245004060069334,-118.391615747079,LOAD,LADWP,46.76679,POINT (-118.391615747079 34.245004060069334)
VAL_LNODELSS,34.24509427625119,-118.39160977576542,LOAD,LADWP,46.76679,POINT (-118.39160977576542 34.24509427625119)
VASCO_6_N001,37.71132099998621,-121.71587984128799,LOAD,CA,47.80627,POINT (-121.71587984128799 37.71132099998621)
VASCO_6_N003,37.71132099998621,-121.71599415871201,LOAD,CA,47.80627,POINT (-121.71599415871201 37.71132099998621)
VASONA_2_N001,37.26,-121.9,LOAD,CA,47.85896,POINT (-121.9 37.26)
VEDDER_1_N001,35.61,-118.96,LOAD,CA,47.31766,POINT (-118.96 35.61)
VEL_SUB_LNODEONA,34.01555411723447,-118.204,LOAD,LADWP,46.762,POINT (-118.204 34.01555411723447)
VEL_SUB_LNODEONB,34.01547294136984,-118.20394345800285,LOAD,LADWP,46.762,POINT (-118.20394345800285 34.01547294136984)
VEL_SUB_LNODEONC,34.01547294136984,-118.20405654199715,LOAD,LADWP,46.762,POINT (-118.20405654199715 34.01547294136984)
VESTAL_6_N001,35.85713659527842,-119.08872645400277,LOAD,CA,48.6206,POINT (-119.08872645400277 35.85713659527842)
VICTOR_1_N001,38.145651267656454,-121.17732422029407,LOAD,CA,47.24581,POINT (-121.17732422029407 38.145651267656454)
VICTOR_6_N001,38.145470732231836,-121.17755377942188,LOAD,CA,47.74878,POINT (-121.17755377942188 38.145470732231836)
VICTOR_6_N002,38.145651267656454,-121.17755377970593,LOAD,CA,47.74878,POINT (-121.17755377970593 38.145651267656454)
VIEJOSC_2_N001,36.578772821150025,-121.908968,LOAD,CA,47.62903,POINT (-121.908968 36.578772821150025)
VIEJOSC_2_N004,33.667334,-117.642727,LOAD,CA,47.62903,POINT (-117.642727 33.667334)
VIEJO_6_N001,36.578692089410936,-121.90890995739635,LOAD,CA,48.31882,POINT (-121.90890995739635 36.578692089410936)
VIEJO_6_N003,36.578692089410936,-121.90902604260364,LOAD,CA,48.31882,POINT (-121.90902604260364 36.578692089410936)
VIERRA_1_N001,37.85,-121.24,LOAD,CA,47.42784,POINT (-121.24 37.85)
VINA_6_N001,39.941614,-122.041739,LOAD,CA,47.71525,POINT (-122.041739 39.941614)
VINEYARD_2_N001,37.66967326170019,-121.85436,LOAD,CA,48.29487,POINT (-121.85436 37.66967326170019)
VINEYARD_2_N002,37.66959186913507,-121.85430063276966,LOAD,CA,48.29487,POINT (-121.85430063276966 37.66959186913507)
VINEYARD_6_N001,37.66959186913507,-121.85441936723034,LOAD,CA,47.76315,POINT (-121.85441936723034 37.66959186913507)
VN_SUB_LNODEONA,34.18009031354033,-118.44489083013903,LOAD,LADWP,46.762,POINT (-118.44489083013903 34.18009031354033)
VN_SUB_LNODEONB,34.17990968636295,-118.44489083037274,LOAD,LADWP,46.762,POINT (-118.44489083037274 34.17990968636295)
VN_SUB_LNODEONC,34.17990968636295,-118.44510916962726,LOAD,LADWP,46.762,POINT (-118.44510916962726 34.17990968636295)
VN_SUB_LNODEOND,34.18009031354033,-118.44510916986097,LOAD,LADWP,46.762,POINT (-118.44510916986097 34.18009031354033)
VSTA_1_N001,34.04125299995202,-117.32061812723687,LOAD,CA,47.20749,POINT (-117.32061812723687 34.04125299995202)
VSTA_6_N001,34.04125299995202,-117.32083587276313,LOAD,CA,47.21228,POINT (-117.32083587276313 34.04125299995202)
WAHTOKE_1_N001,36.61618299998699,-119.452409104289,LOAD,CA,50.7235,POINT (-119.452409104289 36.61618299998699)
WAHTOKE_1_N002,36.61618299998699,-119.45252089571099,LOAD,CA,50.7235,POINT (-119.45252089571099 36.61618299998699)
WALNUT_6_N001,34.00840381020035,-117.94966020073771,LOAD,CA,47.51885,POINT (-117.94966020073771 34.00840381020035)
WARENCYN_6_N001,33.01545499998868,-117.00226861385794,LOAD,CA,47.31766,POINT (-117.00226861385794 33.01545499998868)
WARENCYN_6_N002,33.01545499998868,-117.00237538614206,LOAD,CA,47.31766,POINT (-117.00237538614206 33.01545499998868)
WARNERS_6_N001,33.247186,-116.675942,LOAD,CA,48.94155,POINT (-116.675942 33.247186)
WARNER_LNODERV1,41.50091505739131,-120.533072,LOAD,BPAT,46.18718,POINT (-120.533072 41.50091505739131)
WARNER_LNODERV3,41.50083397128745,-120.53300949206302,LOAD,BPAT,46.18718,POINT (-120.53300949206302 41.50083397128745)
WARNER_LNODESC1,41.50083397128745,-120.53313450793698,LOAD,BPAT,46.18718,POINT (-120.53313450793698 41.50083397128745)
WASCO_7_N008,39.77617274317707,-122.10383,LOAD,CA,47.03025,POINT (-122.10383 39.77617274317707)
WASHNGT_LNODEDR1,37.4893772928244,-120.903967825898,LOAD,TIDC,47.48053,POINT (-120.903967825898 37.4893772928244)
WASHNGT_LNODEDR2,37.4895172164325,-120.904092990936,LOAD,TIDC,47.48053,POINT (-120.904092990936 37.4895172164325)
WASHNGT_LNODEDR3,37.4894692627508,-120.903968029781,LOAD,TIDC,47.48053,POINT (-120.903968029781 37.4894692627508)
WASHNGT_LNODEDR4,37.489297130992,-120.993988447763,LOAD,TIDC,47.48053,POINT (-120.993988447763 37.489297130992)
WASHNGT_LNODEDR5,37.4894207521695,-120.904091725093,LOAD,TIDC,47.48053,POINT (-120.904091725093 37.4894207521695)
WASHNGT_LNODEDR6,37.4892474344412,-120.904090188054,LOAD,TIDC,47.48053,POINT (-120.904090188054 37.4892474344412)
WASHNGT_LNODEDR7,37.4892029595549,-120.903964429204,LOAD,TIDC,47.48053,POINT (-120.903964429204 37.4892029595549)
WASHNGT_LNODER15,37.4893341220127,-120.90409199878,LOAD,TIDC,47.48053,POINT (-120.90409199878 37.4893341220127)
WATRSHED_6_N001,37.487815,-122.310237,LOAD,CA,48.34756,POINT (-122.310237 37.487815)
WEBER_6_N001,37.919828,-121.240232,LOAD,CA,47.55718,POINT (-121.240232 37.919828)
WEC_SY_LNODEUX1,37.4878752249074,-120.89565231921667,LOAD,TIDC,47.44221,POINT (-120.89565231921667 37.4878752249074)
WEC_SY_LNODEUX2,37.4878752249074,-120.89576624369113,LOAD,TIDC,47.46616,POINT (-120.89576624369113 37.4878752249074)
WELFLDPM_LNODELPMP,34.16127269818337,-114.38198913123861,LOAD,WALC,45.80396,POINT (-114.38198913123861 34.16127269818337)
WELFLDPM_LNODERALS,34.16145330172,-114.38198913147205,LOAD,WALC,45.80396,POINT (-114.38198913147205 34.16145330172)
WEMRSWS_6_N001,39.035984,-120.987909,LOAD,CA,46.23029,POINT (-120.987909 39.035984)
WESTLANE_6_N001,37.990674,-121.282373,LOAD,CA,47.78711,POINT (-121.282373 37.990674)
WESTLNDS_1_N001,36.3999999999871,-120.31994434326373,LOAD,CA,48.29008,POINT (-120.31994434326373 36.3999999999871)
WESTLNDS_1_N019,36.3999999999871,-120.32005565673627,LOAD,CA,48.29008,POINT (-120.32005565673627 36.3999999999871)
WESTPARK_1_N001,35.374163973003284,-119.039839,LOAD,CA,46.91529,POINT (-119.039839 35.374163973003284)
WESTPARK_1_N005,35.374083013484764,-119.03978167527592,LOAD,CA,46.91529,POINT (-119.03978167527592 35.374083013484764)
WESTPARK_1_N009,35.374083013484764,-119.03989632472408,LOAD,CA,46.91529,POINT (-119.03989632472408 35.374083013484764)
WESTPLAT_1_N001,35.42,-119.3,LOAD,CA,46.47459,POINT (-119.3 35.42)
WESTPORT_LNODEDR1,37.5225825838401,-120.993998352649,LOAD,TIDC,47.48532,POINT (-120.993998352649 37.5225825838401)
WESTPORT_LNODEDR3,37.5223769944682,-120.993990429526,LOAD,TIDC,47.48532,POINT (-120.993990429526 37.5223769944682)
WESTPORT_LNODEDR5,37.5225172095941,-120.993995815213,LOAD,TIDC,47.48532,POINT (-120.993995815213 37.5225172095941)
WESTPORT_LNODEDR7,37.5224455031416,-120.903973009416,LOAD,TIDC,47.48532,POINT (-120.903973009416 37.5224455031416)
WHEATLND_6_N001,39.013055,-121.418524,LOAD,CA,46.38357,POINT (-121.418524 39.013055)
WHEELER_6_N001,35.089761,-118.976591,LOAD,CA,46.43741,POINT (-118.976591 35.089761)
WHISMAN_1_N001,37.40491321634772,-122.068856,LOAD,CA,48.43054,POINT (-122.068856 37.40491321634772)
WHISMAN_1_N004,37.404831891811426,-122.06879689262591,LOAD,CA,48.43054,POINT (-122.06879689262591 37.404831891811426)
WHISMAN_1_N009,37.404831891811426,-122.06891510737408,LOAD,CA,48.43054,POINT (-122.06891510737408 37.404831891811426)
WHITMORE_6_N001,40.628753,-121.915711,LOAD,CA,44.01242,POINT (-121.915711 40.628753)
WILDWOOD_1_N001,40.387138,-123.045061,LOAD,CA,46.61829,POINT (-123.045061 40.387138)
WILKINS_6_N001,39.00552,-121.867233,LOAD,CA,46.44106,POINT (-121.867233 39.00552)
WILLIAMS_6_N002,39.15758,-122.14762,LOAD,CA,45.85665,POINT (-122.14762 39.15758)
WILLITS_6_N001,39.405666,-123.327366,LOAD,CA,48.98945,POINT (-123.327366 39.405666)
WILLOWS_6_N001,39.531805,-122.185874,LOAD,CA,46.51291,POINT (-122.185874 39.531805)
WIL_SUB_LNODEONB,33.797999999988214,-118.25794584458627,LOAD,LADWP,46.75242,POINT (-118.25794584458627 33.797999999988214)
WIL_SUB_LNODEONC,33.797999999988214,-118.25805415541372,LOAD,LADWP,46.75242,POINT (-118.25805415541372 33.797999999988214)
WINTERS_6_N001,38.517708,-121.951331,LOAD,CA,48.12242,POINT (-121.951331 38.517708)
WOHLER_6_N001,38.512048,-122.880906,LOAD,CA,47.42593,POINT (-122.880906 38.512048)
WOLFE_1_N001,37.335142193117605,-122.020824,LOAD,CA,48.25378,POINT (-122.020824 37.335142193117605)
WOLFE_1_N002,37.335060903426545,-122.02076497287341,LOAD,CA,48.25378,POINT (-122.02076497287341 37.335060903426545)
WOLFE_1_N007,37.335060903426545,-122.02088302712659,LOAD,CA,48.25378,POINT (-122.02088302712659 37.335060903426545)
WOODACRE_6_N001,38.012118,-122.65455,LOAD,CA,47.18666,POINT (-122.65455 38.012118)
WOODLD_1_N001,38.67823188725648,-121.760143,LOAD,CA,47.61466,POINT (-121.760143 38.67823188725648)
WOODLD_1_N005,38.67815105635662,-121.76008322082818,LOAD,CA,47.61466,POINT (-121.76008322082818 38.67815105635662)
WOODLD_1_N012,38.67815105635662,-121.76020277917182,LOAD,CA,47.61466,POINT (-121.76020277917182 38.67815105635662)
WOODSIDE_6_N003,37.43624399998641,-122.2420270905538,LOAD,CA,48.75952,POINT (-122.2420270905538 37.43624399998641)
WOODSIDE_6_N004,37.43624399998641,-122.24214090944619,LOAD,CA,48.75952,POINT (-122.24214090944619 37.43624399998641)
WOODWARD_1_N005,36.8966369999867,-119.74995475043866,LOAD,CA,51.03487,POINT (-119.74995475043866 36.8966369999867)
WOODWARD_1_N006,36.8966369999867,-119.75006724956134,LOAD,CA,51.03487,POINT (-119.75006724956134 36.8966369999867)
WPBART_1_N001,38.01999999998606,-121.97994265860079,LOAD,CA,46.7825,POINT (-121.97994265860079 38.01999999998606)
WPBART_1_N004,38.01999999998606,-121.9800573413992,LOAD,CA,46.7825,POINT (-121.9800573413992 38.01999999998606)
WSCOPRSN_1_N001,35.61,-119.37,LOAD,CA,46.75242,POINT (-119.37 35.61)
WSCRMNO_1_N004,38.58939293336201,-121.545027,LOAD,CA,47.78711,POINT (-121.545027 38.58939293336201)
WSCRMNO_1_N013,38.58931203330379,-121.54496724378153,LOAD,CA,47.78711,POINT (-121.54496724378153 38.58931203330379)
WSCRMNO_1_N201,38.58931203330379,-121.54508675621847,LOAD,CA,47.78711,POINT (-121.54508675621847 38.58931203330379)
WSTFRSO_1_N001,36.71841899998688,-119.81853697917856,LOAD,CA,50.73308,POINT (-119.81853697917856 36.71841899998688)
WSTFRSO_1_N004,36.71841899998688,-119.81864902082144,LOAD,CA,50.73308,POINT (-119.81864902082144 36.71841899998688)
WSTLD1RA_1_N001,36.72,-120.72,LOAD,CA,47.70088,POINT (-120.72 36.72)
WYANDTTE_1_N001,39.491682744465926,-121.541161,LOAD,CA,46.72847,POINT (-121.541161 39.491682744465926)
WYANDTTE_1_N003,39.49160212775149,-121.54110068770393,LOAD,CA,46.72847,POINT (-121.54110068770393 39.49160212775149)
WYANDTTE_1_N102,39.49160212775149,-121.54122131229607,LOAD,CA,46.72847,POINT (-121.54122131229607 39.49160212775149)
ZACA_1_N001,34.696829,-120.151374,LOAD,CA,48.88406,POINT (-120.151374 34.696829)
ZANKER_1_N001,37.469999999986335,-121.8099430557453,LOAD,CA,49.0662,POINT (-121.8099430557453 37.469999999986335)
ZANKER_1_N003,37.469999999986335,-121.8100569442547,LOAD,CA,49.0662,POINT (-121.8100569442547 37.469999999986335)
AGER_LNODE35,41.8675,-122.46414,LOAD,PACW,0.0,POINT (-122.46414 41.8675)
ALTURAS_LNODE17,41.49972,-120.53306,LOAD,PACW,0.0,POINT (-120.53306 41.49972)
BIGSPRIN_LNODELD1,41.616776,-122.39929,LOAD,PACW,0.0,POINT (-122.39929 41.616776)
CAMERON_LNODEKM,32.65324599998863,-116.48817922595589,LOAD,PACW,0.0,POINT (-116.48817922595589 32.65324599998863)
CASTELLA_LNODE,41.146254,-122.319747,LOAD,PACW,0.0,POINT (-122.319747 41.146254)
CEDARVIL_LNODED1,41.53156,-120.18194,LOAD,PACW,0.0,POINT (-120.18194 41.53156)
CLEARLAO_LNODE44,41.704981,-121.276741,LOAD,PACW,0.0,POINT (-121.276741 41.704981)
COPCO2_LNODE21,41.97667,-122.36167,LOAD,PACW,0.0,POINT (-122.36167 41.97667)
DAVISCR_LNODED1,41.73,-120.37,LOAD,PACW,0.0,POINT (-120.37 41.73)
DELNORTE_LNODE50,41.86761799998422,-124.13905472462552,LOAD,PACW,0.0,POINT (-124.13905472462552 41.86761799998422)
DELNORTE_LNODE51,41.86761799998422,-124.13917527537447,LOAD,PACW,0.0,POINT (-124.13917527537447 41.86761799998422)
DOGCREEK_LNODE,40.94013311,-122.431008,LOAD,PACW,0.0,POINT (-122.431008 40.94013311)
DORRIS_LNODE06,41.96694,-121.91333,LOAD,PACW,0.0,POINT (-121.91333 41.96694)
EAGLEMTN_LNODEHI,33.8199729920039,-115.44005630685402,LOAD,PACW,0.0,POINT (-115.44005630685402 33.8199729920039)
FLINT_LNODE_LDT1,38.88530299998586,-121.06681059075832,LOAD,PACW,0.0,POINT (-121.06681059075832 38.88530299998586)
GASQUET_LNODE42,41.84833,-123.96667,LOAD,PACW,0.0,POINT (-123.96667 41.84833)
INTERNAT_LNODELD,41.432568,-122.38296,LOAD,PACW,0.0,POINT (-122.38296 41.432568)
LITTLESH_LNODELD1,41.70174123,-122.3696599,LOAD,PACW,0.0,POINT (-122.3696599 41.70174123)
LUCERNE_LNODELD,41.60361,-122.5225,LOAD,PACW,0.0,POINT (-122.5225 41.60361)
MACDOEL_LNODE20,41.83166999998427,-122.00465973878569,LOAD,PACW,0.0,POINT (-122.00465973878569 41.83166999998427)
MACDOEL_LNODE45,41.83166999998427,-122.00478026121432,LOAD,PACW,0.0,POINT (-122.00478026121432 41.83166999998427)
MADISON_LNODE1,38.67065905446531,-121.9691977771112,LOAD,PACW,0.0,POINT (-121.9691977771112 38.67065905446531)
MOTT_LNODE,41.262727,-122.270475,LOAD,PACW,0.0,POINT (-122.270475 41.262727)
NDUNSMUI_LNODE7,41.2207989999844,-122.27643096616978,LOAD,PACW,0.0,POINT (-122.27643096616978 41.2207989999844)
NDUNSMUI_LNODE9,41.2207989999844,-122.27655103383022,LOAD,PACW,0.0,POINT (-122.27655103383022 41.2207989999844)
NEWELL_LNODE90,41.888139999984205,-121.37845028379793,LOAD,PACW,0.0,POINT (-121.37845028379793 41.888139999984205)
NUTGLADE_LNODE,41.178254,-122.290711,LOAD,PACW,0.0,POINT (-122.290711 41.178254)
PATRICKS_LNODE49,41.88139,-123.86472,LOAD,PACW,0.0,POINT (-123.86472 41.88139)
PEREZ_LNODED1,41.63306,-121.22639,LOAD,PACW,0.0,POINT (-121.22639 41.63306)
PRAXAIR_LNODEPM,37.99999999998611,-121.81005733246779,LOAD,PACW,0.0,POINT (-121.81005733246779 37.99999999998611)
REDWOODU_LNODED2,41.76083,-124.16347,LOAD,PACW,0.0,POINT (-124.16347 41.76083)
SDUNSMUI_LNODE,41.201244,-122.2764098,LOAD,PACW,0.0,POINT (-122.2764098 41.201244)
SHASTINA_LNODELD1,41.548666,-122.364174,LOAD,PACW,0.0,POINT (-122.364174 41.548666)
SHOTGUNC_LNODE,41.053889,-122.381667,LOAD,PACW,0.0,POINT (-122.381667 41.053889)
TULELAKE_LNODE35,41.95333,-121.47111,LOAD,PACW,0.0,POINT (-121.47111 41.95333)
TUNNEL_LNODE33,41.925559999984245,-121.56576970013403,LOAD,PACW,0.0,POINT (-121.56576970013403 41.925559999984245)
TUNNEL_LNODE40,41.925559999984245,-121.56589029986597,LOAD,PACW,0.0,POINT (-121.56589029986597 41.925559999984245)
WEED_LNODER1,41.43139,-122.38944,LOAD,PACW,0.0,POINT (-122.38944 41.43139)
YREKA_LNODE76,41.72897989068449,-122.63154955171838,LOAD,PACW,0.0,POINT (-122.63154955171838 41.72897989068449)
YREKA_LNODED1,41.72880010918983,-122.63154955205546,LOAD,PACW,0.0,POINT (-122.63154955205546 41.72880010918983)
YREKA_LNODED2,41.72880010918983,-122.63179044794454,LOAD,PACW,0.0,POINT (-122.63179044794454 41.72880010918983)
YREKA_LNODED3,41.72897989068449,-122.63179044828162,LOAD,PACW,0.0,POINT (-122.63179044828162 41.72897989068449)
