node_id,lat,lon,price_dp
0096WD_7_N002,35.440039999987434,-119.13131516955063,-10.21366
3EMIDIO_6_N001,35.02051774,-119.0626791,-10.23002
3EMIDIO_6_N002,35.02051773995017,-119.06256889029795,-10.23002
3EMIDIO_6_N003,35.020427484140036,-119.0626791,-10.23002
4C744C12_7_N002,35.24735999994994,-118.86084971115429,-10.21317
4C744C32_7_N002,35.24735999994994,-118.86107028884571,-10.21391
A100US_1_B1,37.62510247,-122.1166769,22.34516
ACTONSC_6_N001,34.510158,-118.199383,-9.33177
ADLNTO_LNODEDC1LADWP,34.55,-117.44,-8.77724
ADLNTO_LNODEDC2GLEN,34.54999999995084,-117.43989019738174,-8.77724
ADLNTO_NDC1,34.549909563045524,-117.43989019750109,-8.77724
AEC300_1_N001,37.74,-121.48,9.37459
AERA12_7_N001,35.952012,-120.860226,24.15499
AGER_LNODE35,41.8675,-122.46414,12.57944
AGNEW_1_N003,37.51,-121.84,28.92156
AGNEW_6_N001,37.39141282968642,-121.96760028543572,29.53808
AGNEW_6_N002,37.39141282968642,-121.96771400856429,29.53808
AIRPROD_1_N001,36.65,-119.54,-3.2773
AIRWAYS_1_N001,36.77840245723695,-119.6739507,-2.70094
AIRWAYS_1_N004,36.77832158136724,-119.67389240268693,-2.70623
AIRWAYS_1_N018,36.77832158136724,-119.67400899731307,-2.70094
ALAMITOS_2_N001,33.771584,-118.100596,-9.04538
ALAMITOS_2_N040,33.77,-118.1,-9.04538
ALAMT1G_7_N002,33.77143038978412,-118.10056429476926,-9.04538
ALAMT2G_7_N002,33.77144633917227,-118.10077253262283,-9.04538
ALAMT3G_7_N002,33.771511965310076,-118.10084659342048,-9.04538
ALAMT4G_7_N002,33.771597006833865,-118.1008819712055,-9.04538
ALAMT5G_7_N002,33.771686855225234,-118.1008760572907,-9.04538
ALAMT6G_7_N002,33.77183464117273,-118.10075806084072,-9.04538
ALHAMBRA_1_N001,37.99408499998608,-122.13031167024367,14.32668
ALHAMBRA_1_N002,37.99408499998608,-122.13042632975633,14.32668
ALLEGHNY_6_N001,39.46489299998558,-120.84488799308969,8.84566
ALMADEN_6_N001,37.26026999998649,-121.89002528823042,40.37223
ALMADEN_6_N009,37.26026999998649,-121.89013871176958,40.37223
ALPAUGH_1_N004,35.9634105,-119.4567964,-10.21671
ALPAUGH_7_N002,35.9633209452724,-119.4567964,-10.21671
ALPINE_6_N001,32.82778299998866,-116.78987271391081,-8.79551
ALPINE_6_N005,32.82778299998866,-116.78997928608918,-8.79551
ALTO_6_N001,37.89825299998615,-122.52430271885964,11.62045
ALTO_6_N101,37.89825299998615,-122.52441728114036,11.62045
ALTURAS_LNODE17,41.49972,-120.53306,9.36613
AMERIGAS_1_N001,38.43,-121.79,9.38812
AMESBS_1_N004,37.41751022008469,-122.066192,30.33873
AMESBS_1_N101,37.41742888994297,-122.06613287861066,30.33873
AMESDST_1_N001,37.41742888994297,-122.06625112138934,30.33879
AMFORST_6_N001,38.369191999986,-120.79657754861613,7.6939
ANAHEIM_6_N001,33.8531627,-117.857995,-9.03086
ANAVERDE_6_N001,34.568588,-118.149401,-9.33085
ANDERSON_6_N001,40.449838,-122.305068,5.98663
ANGIOLA_6_N001,35.992007,-119.57137,-3.37566
ANITA_6_N001,39.81104699998532,-121.91970256777769,6.75865
ANITA_6_N006,39.81104699998532,-121.91981943222231,6.75865
ANNAPOLS_6_N001,38.680315,-123.311782,12.6665
ANTELOPE_6_N001,35.65811699998739,-119.99595979071039,-10.38489
ANTLER_6_N001,40.893581,-122.379244,5.92232
APPLEHL_1_N001,38.73983594994359,-120.67700082010276,8.95632
APPLEHL_1_N002,38.73974618819719,-120.6771159,8.95632
APPMAT_1_N001,37.359999999986435,-121.97994317305394,34.31047
APPMAT_1_N010,37.359999999986435,-121.98005682694607,34.31047
ARBUCKLE_6_LN001,39.01762490998577,-122.06151734734088,7.12209
ARBUCKLE_6_N001,39.01762490998577,-122.06163265265913,7.12209
ARBURUA_6_N001,36.94007738,-120.9238172,5.63291
ARCATA_6_LN001,40.86722276626079,-124.08816631128593,4.38024
ARCATA_6_N001,40.86704189361579,-124.08816631161257,4.38024
ARVINED_1_N001,35.15044599998752,-118.87870286987292,-10.21237
ARVIN_6_N001,35.15044599998752,-118.87881313012709,10.0
ASHLAN_2_N001,36.79263892472445,-119.82749,-1.94863
ASHLAN_2_N007,36.7925580376235,-119.82743168375806,-1.94863
ASHLAN_2_N008,36.7925580376235,-119.82754831624194,-1.94863
ASH_6_N001,33.1365697302963,-117.070292,-8.8289
ASH_6_N005,33.13648913483958,-117.0702364310647,-8.8289
ASH_6_N101,33.13648913483958,-117.07034756893529,-8.8289
ATASCDRO_6_N001,35.465309,-120.671582,-10.14957
ATWATER_1_B2,37.35999599998639,-120.6146481730584,2.0
ATWATER_1_N001,37.35999599998639,-120.6147618269416,2.0
AUBERRY_6_N001,37.06806099998665,-119.495719527536,-2.12571
AUBERRY_6_N003,37.06806099998665,-119.495832472464,-2.12571
AUBURN_6_N001,38.903397,-121.069921,8.94642
AVENA_1_N001,37.842208,-121.054122,9.19941
AVENGEN_7_B1,35.9776884492561,-120.11683334055562,-40.63
AVOCADO_6_N001,33.38472079977583,-117.236977,-8.84462
AVOCADO_6_N002,33.384640100099574,-117.23692120092345,-8.84462
AVOCADO_6_N009,33.384640100099574,-117.23703279907656,-8.84462
AVSOLAR_7_N007,34.789500999987624,-118.43132596892313,-9.48776
BAFOOD1_6_N001,36.33,-121.16,24.16575
BAHIA_2_N001,38.08095331088854,-122.13739126700075,11.42691
BAHIA_2_N011,38.08077268899996,-122.13739126728416,11.42691
BAILYJ1_1_N010,34.776039999987624,-118.77498497466301,46.03611
BAILYJ1_1_N011,34.776039999987624,-118.77509502533698,46.03611
BAIR_1_LN001,37.49764234,-122.2140549,25.76396
BAIR_1_N001,37.496937,-122.214157,25.76396
BAKER_1_N001,35.284771,-116.064256,-9.70111
BALCH1_7_N001,36.908933,-119.087736,-3.20578
BALFOUR_6_N001,37.92596,-121.678546,12.08506
BANGOR_6_N001,39.388063999985675,-121.40287907085172,6.94427
BANNING_1_N001,33.92234307044413,-116.87283,-8.98378
BANNING_1_N004,33.92226196476511,-116.87277356877394,-8.98378
BANNING_1_N010,33.92226196476511,-116.87288643122605,-8.98378
BANTA_6_N001,37.7528989999862,-121.35057581075783,9.32819
BARRETT_6_N001,32.667194,-116.700208,-8.79957
BARRE_6_N001,33.80900298319592,-117.98332966316445,-9.02914
BARRE_6_N002,33.80900298319592,-117.98354633683554,-9.02914
BARRE_6_N003,33.80918301670945,-117.9835463370635,-9.0292
BARRY_6_N001,39.069323,-121.690208,8.89013
BARTLP_1_N003,37.36083333,-121.8638889,35.8537
BARTON_1_N001,36.76408490976673,-119.735935,-2.6227
BARTON_1_N007,36.76400404510246,-119.73587672164825,-2.6227
BARTON_1_N008,36.76400404510246,-119.73599327835174,-2.6227
BAR_LA_LNODESS1,35.23999999998752,-118.05994485657591,-7.28843
BAR_LA_LNODESS2,35.23999999998752,-118.0600551434241,-7.28843
BASALT_6_N002,38.26328599998595,-122.26916657483297,9.384
BASALT_6_N101,38.26328599998595,-122.26928142516702,9.384
BASILONE_6_N004,33.387598,-117.58248,-4.62
BATAVIA_6_N001,38.385820999985995,-121.77570654480984,9.39009
BATIQTOS_1_N001,33.1011727252775,-117.250399,-8.85305
BATIQTOS_1_N008,33.101092137348985,-117.25034345864424,-8.85305
BATIQTOS_1_N015,33.101092137348985,-117.25045454135577,-8.85305
BAYMDWS_1_N001,37.55162541726735,-122.29307795256243,24.22395
BAYMDWS_1_N004,37.551444582623034,-122.29307795283914,24.22395
BAYMDWS_1_N008,37.551444582623034,-122.29330604716085,24.22395
BAYMDWS_1_N012,37.55162541726735,-122.29330604743757,24.22395
BAYSHOR1_1_N001,37.74603599998622,-122.40302381566526,25.48573
BAYSHOR2_1_N001,37.74603599998622,-122.40313818433472,25.48573
BAYWOOD_6_N001,35.360177,-120.811564,-10.10659
BCHIPMIL_6_N001,40.87204771,-123.9749277,4.38111
BCKSCRK_7_N001,39.9104901899853,-121.32745377121508,8.8744
BDGRHLL_6_N001,35.83494799998733,-119.94256773586105,-10.38107
BDGRHLL_6_N004,35.83494799998733,-119.94267826413895,-10.38107
BDLARKSP_6_N004,32.56759260819039,-116.9424413,-8.79311
BEALE1_6_N001,39.11366999998575,-121.33304229106656,8.85285
BEALE2_6_N001,39.11366999998575,-121.33315770893344,8.85285
BEARTAP_1_N001,35.38,-119.0,-10.21182
BELLEF_7_CN10,39.776083,-122.10383,-9.43543
BELLEF_7_CN11,39.77608299994151,-122.10371323062876,-9.43567
BELLPGE_1_N001,38.947418999985814,-121.0911283822858,8.94629
BELLPGE_1_N005,38.947418999985814,-121.0912436177142,8.94629
BELLVUE_1_N001,38.379084046922976,-122.712022,12.99573
BELLVUE_1_N003,38.37900297652332,-122.711962292445,12.99573
BELLVUE_1_N005,38.37900297652332,-122.712081707555,12.99573
BELMONT_1_N001,37.52332024549896,-122.264967,25.31206
BELMONT_1_N006,37.52323887723573,-122.26490776711239,25.31206
BELMONT_1_N008,37.52323887723573,-122.26502623288762,25.31206
BELRIDGE_1_N001,35.45572199998739,-119.63184782823049,-10.27458
BELRIDGE_1_N002,35.45572199998739,-119.63195817176951,-10.27458
BERESFRD_6_N001,37.565013999986284,-122.31923796388803,24.40224
BERESFRD_6_N002,37.565013999986284,-122.31935203611197,24.40224
BERNARDO_6_N001,33.021575,-117.096228,-8.81764
BERNARDO_6_N002,33.021574999954524,-117.09612121988424,-8.81764
BERNARDO_6_N009,33.02148546856512,-117.096228,-8.81764
BERNARDO_6_N013,33.021574999954524,-117.09633478011577,-8.81764
BERNARDO_6_N014,33.0216645314348,-117.096228,-8.81764
BERVLLY_6_N001,37.586478,-120.125088,-0.12145
BESSGEN_7_N004,33.12537170257462,-117.11682528223366,-8.82994
BIGBAR_6_N001,40.74431787,-123.2062128,4.93426
BIGBASN_6_N001,37.129545,-122.172132,38.46385
BIGCRK1_7_N001,37.20203293082091,-119.24090286336467,-9.23512
BIGGS_6_N001,39.40889559,-121.6915434,6.70785
BIGLAGN_6_N001,41.16264397,-124.1019717,4.37662
BIGMDWS_6_N001,40.171215,-121.085128,6.25373
BIGRIVR_6_N001,39.311461,-123.786522,-3.37308
BIGSPRIN_LNODELD1,41.616776,-122.39929,12.63718
BIOLA_6_N001,36.792525,-120.114116,-2.01689
BIXLER_6_N001,37.9370142319286,-121.528389,7.22223
BKR111_7_N003,35.388208667768176,-119.00435227492993,-10.21477
BKRSFLD_2_N001,35.388208667768176,-119.00457292507006,-10.21489
BKRSFLD_2_N101,35.38838855213151,-119.00457292531611,-10.21489
BLACKWLL_7_N003,35.6141993352003,-119.85363133518518,-10.39455
BLLEHVN_6_N001,37.4772652825887,-122.16793304841748,25.94999
BLLEHVN_6_N002,37.477186999945324,-122.16787609695427,25.94999
BLLEHVN_6_N004,37.477108717384,-122.1679330485368,25.94999
BLLEHVN_6_N006,37.477108717384,-122.1680469514632,25.94999
BLLEHVN_6_N007,37.477186999945324,-122.16810390304572,25.94999
BLUELKE_6_N001,40.880139999984536,-123.98052419448959,4.38172
BLUELKE_6_N010,40.880139999984536,-123.98064380551041,4.38172
BLUSTNPP_6_N003,38.575523,-121.497588,-10.38409
BLYTHESC_1_N005,33.61495699998827,-114.68288105808304,-8.52904
BNAVSTA_6_N001,36.653344,-121.62946,37.58092
BNAVSTA_6_N002,36.65334399994771,-121.62934811906177,37.58092
BNTACRB_6_N001,37.7528989999862,-121.35069018924217,9.3296
BOGARD_6_N001,40.586552,-121.093959,5.99128
BOGUE_1_N001,39.09616655735555,-121.6236556041389,8.95281
BOGUE_1_N015,39.095987442530685,-121.62365560443203,8.95281
BOGUE_1_N201,39.095987442530685,-121.62388639556798,8.95281
BOLINAS_6_N001,37.941119,-122.707332,11.61602
BOLLMAN_1_N003,38.04,-121.98,14.5078
BOLTHSE_1_N009,35.362159,-118.923677,-10.21034
BONITA_6_N001,36.967863,-120.20266,-1.62418
BONNIEN_7_N001,39.214314999985774,-120.80917722077704,8.81006
BORDEN_2_N007,36.92227399998671,-119.98422371699712,-1.605
BORDER_6_N001,32.566281,-116.944389,-8.79311
BORDER_6_N0018,32.56628099995522,-116.94428258752973,-8.79311
BORDER_6_N008,32.56620333382154,-116.94433579381094,-8.79311
BORDER_6_N013,32.56620333382154,-116.94444220618907,-8.79311
BORONDA_6_N001,36.689983,-121.679239,37.5768
BOSWELL_6_N001,36.085115,-119.552823,-3.37566
BOTTLEG_7_N001,33.923052,-116.901227,-8.87341
BOULEVRD_7_CN1,32.662175999989024,-116.27217177166342,-8.72886
BOWERSJ_6_N001,37.37057750378637,-121.97553596930213,29.81932
BOWERSJ_6_N002,37.37057750378637,-121.97564964669786,29.81932
BOWLES_6_N001,36.605651,-119.773312,-2.01493
BP21Z_6_N001,35.242132145992656,-119.62433411266893,-10.24515
BPFFD_1_N001,35.242132145992656,-119.62455468733106,-10.24521
BRDGVLT_7_N001,40.479622194160655,-123.780401,3.91449
BRDGVLT_7_N003,40.479540902903295,-123.78046270284797,3.91449
BRDWAY_7_N004,34.125226999951806,-118.15210094450055,-9.11701
BREEZE_6_N001,35.12397117557631,-118.37398174859348,-9.44385
BREGGEN_7_N001,33.270864089541455,-116.34805881401336,-8.84525
BREGGEN_7_N002,33.270864089541455,-116.34817018598665,-8.84525
BRENTWOD_2_N001,37.91959423612686,-121.676423,9.37196
BRENTWOD_2_N006,37.91951288192155,-121.67636345967551,9.37196
BRENTWOD_2_N011,37.91951288192155,-121.67648254032449,9.37196
BRIGTANO_6_N001,36.88169521,-121.6033017,37.58148
BRIONES_6_N001,37.88551256,-121.8145525,12.08592
BRITTN_1_N001,37.37433620668406,-122.015575,34.57267
BRITTN_1_N005,37.37425489664326,-122.01551592726007,34.57267
BRITTN_1_N006,37.37425489664326,-122.01563407273993,34.57267
BRKRSLG_1_N005,38.57552299994369,-121.49747300547165,8.75153
BROKAW_6_N001,37.35614030048636,-121.93994208836567,29.81587
BROKAW_6_N002,37.35614030048636,-121.94005573363432,29.81587
BRRNDAA_6_N001,35.65811699998739,-119.99607020928961,-10.38495
BRRNDAC_6_N001,35.658183,-120.040362,-10.38489
BRUNSWCK_1_N003,39.23119771901711,-121.034946,8.89329
BRUNSWCK_1_N008,39.23111714047599,-121.03488594065819,8.89329
BRUNSWCK_1_N101,39.23111714047599,-121.03500605934181,8.89329
BRWNSVY_6_N001,39.226226,-121.422634,7.08298
BRYPTLM_6_N001,35.09326574,-119.443811,-10.24933
BSCLPLD_6_N001,35.08218043,-119.304274,-10.24786
BUELLTON_1_N001,34.625261999987686,-120.18631205143852,-10.07148
BUELLTON_1_N003,34.625261999987686,-120.18642194856149,-10.07148
BUENAVS1_7_B1,36.653254242119594,-121.62934811919219,-10.22227
BUENAVS1_7_B3,36.65319077379855,-121.6294272308971,-10.22227
BUENAVS1_7_B4,36.653175595551595,-121.62953750035395,-10.22227
BUENAVS1_7_B5,36.65320668330105,-121.62964245619625,-10.22227
BUENAVS1_7_B6,36.653272145363964,-121.6297190021347,-10.22227
BUENAVS1_7_B7,36.65335697428145,-121.62975556706088,-10.22227
BUENAVS2_7_B1,36.65344659805961,-121.62974945473616,-10.22252
BUENAVS2_7_B3,36.653528699704175,-121.62970424026268,-10.22252
BUENAVS2_7_B4,36.653594014575496,-121.62962749889522,-10.22252
BUENAVS2_7_B5,36.653636508590544,-121.62952895027708,-10.22252
BULLARD_1_N001,36.824388,-119.769224,-2.09651
BULLARD_1_N004,36.824387999947184,-119.76911168846675,-2.09651
BULLARD_1_N005,36.824298097276774,-119.769224,-2.09651
BULLARD_1_N006,36.824387999947184,-119.76933631153325,-2.09651
BURLNGME_1_N001,37.589627,-122.363434,24.49166
BURNEY_6_N002,40.88795613096115,-121.6707669,5.98261
BURNEY_7_N002,40.887874739502756,-121.67082905855457,5.98261
BURNSJ1_6_N003,37.09524,-122.14417,38.46471
BUTTE_1_N010,39.7118129999855,-121.81325170045862,6.26467
BUTTE_1_N101,39.7118129999855,-121.81336829954137,6.26467
B_6_N001,32.714377595830264,-117.16944251257752,-8.80419
B_6_N003,32.714198404079745,-117.16944251279143,-8.80419
B_6_N005,32.714198404079745,-117.16965548720856,-8.80419
B_6_N007,32.714377595830264,-117.16965548742249,-8.80419
C4931_6_N003,32.73843399998874,-115.99415574838443,-8.70415
C590M1_7_N005,32.80453799998867,-115.54641072366262,-8.61553
CABRILLO_1_N001,32.707505595112,-117.2449797584557,-10.07314
CABRILLO_6_N001,32.70742799995502,-117.24492651700402,-8.81099
CABRILLO_6_N004,32.70735040486553,-117.24497975854831,-8.81099
CADET_6_N001,35.09081798998752,-119.40696638038531,-10.24792
CALAVE_1_N001,36.71900181109094,-119.76554095699167,-3.27724
CALAVE_1_N002,36.718822188804005,-119.76554095725366,-3.27724
CALAVE_1_N004,36.718822188804005,-119.76576504274634,-3.27724
CALCEDA_6_N001,37.94482769,-121.3105701,7.93061
CALCMENT_7_N4,37.37,-120.64,-9.44435
CALCMNT_6_N001,35.030055,-118.310776,7.69556
CALEVRAS_1_N001,37.586852,-121.869766,24.39597
CALFLAX_6_N001,36.28403534998721,-120.12217745300707,-9.99317
CALFLAX_6_N024,36.28403534998721,-120.12228854699293,-9.99317
CALISTGA_6_N001,38.5926639999859,-122.57856249875155,12.69252
CALLENDR_1_N001,35.04,-120.6,-10.10251
CALMAT60_6_N001,37.67387666,-121.8355963,18.86192
CALPELLA_1_N001,39.197538,-123.192135,-1.20716
CALVO_6_N001,37.74730133,-121.3267185,9.32807
CAMANCPP_2_N001,38.2134438,-121.0247365,7.77085
CAMDEN_6_N001,36.446312771281995,-119.799098,-3.3382
CAMDEN_6_N002,36.446232114345065,-119.79904011033697,-3.3382
CAMERON_6_N001,32.65329977639838,-116.488126,-8.80086
CAMINO_2_N001,34.83,-114.99,-8.46785
CAMPHORA_6_N001,36.46829799998704,-121.39017127220814,37.5709
CAMPHORA_6_N003,36.46829799998704,-121.39028272779186,37.5709
CAMPUS_1_LN001,38.54527777998592,-121.73383140960435,8.76821
CAMPUS_1_N003,38.54527777998592,-121.73394639039566,8.76864
CANAL_6_N001,37.066423071736246,-120.835478,5.54703
CANAL_6_N006,37.06634196411742,-120.83541931437668,5.54703
CANANDGA_6_N001,36.92817,-120.1070821,-1.6259
CANBY_BP_LNODEACW,41.444925999984385,-120.88087787131334,2.11527
CANBY_BP_LNODEVEC,41.444925999984385,-120.88099812868666,2.11527
CANNON_1_N025,33.13751869069269,-117.33264215598749,-8.85324
CANNON_1_N026,33.13733958921585,-117.33264215620572,-8.85324
CANNON_1_N027,33.13733958921585,-117.33285604379427,-8.85324
CANNON_1_N028,33.13751869069269,-117.3328560440125,-8.85324
CANTGEN_7_N001,36.42933,-120.34215,-9.9781
CANYONP2_7_N001,33.85316269995253,-117.85788655941667,-9.03086
CANYONP2_7_N002,33.853072643571636,-117.857995,-9.03086
CANYONP3_7_N001,33.85316269995253,-117.85810344058333,-9.03086
CANYONP3_7_N002,33.85325275642836,-117.857995,-9.03086
CAPAY_6_N001,39.775993256822886,-122.10383,6.75293
CAPEHORN_6_N001,39.11994846,-120.9435307,8.81006
CARBONA_6_N003,37.69218399998622,-121.41818185598439,9.32831
CARBONA_6_N101,37.69218399998622,-121.4182961440156,9.32831
CARGILL_6_N001,37.90883295,-121.2712152,7.94629
CARLOTTA_6_N001,40.541122999984744,-124.06382054930958,4.17497
CARLOTTA_6_N003,40.541122999984744,-124.06393945069041,4.17497
CARLTNHS_1_N001,32.85503754591703,-117.01185140348343,-8.81188
CARLTNHS_1_N004,32.85485845399255,-117.01185140369861,-8.81188
CARNATIO_6_N001,35.311332,-119.083574,-10.20942
CARNERAS_6_N001,35.541055,-119.805238,-10.39485
CARODEAN_1_N001,34.14914429366959,-116.12379789416093,-8.86677
CARODEAN_1_N017,34.148963706233765,-116.12401610560582,-8.86677
CARODEAN_1_N019,34.14914429366959,-116.12401610583908,-8.86677
CAROLNDS_6_N001,37.55291899998627,-122.37633097506193,24.40575
CAROLNDS_6_N002,37.55291899998627,-122.37644502493806,24.40575
CARQUINZ_1_N001,38.09103799998602,-122.24848662968667,11.62082
CARQUINZ_1_N002,38.09103799998602,-122.24860137031332,11.62082
CARRIZO_1_N001,35.3805629695311,-120.040252,-10.20892
CARTWRT_1_N001,37.78999999998617,-122.24994278512781,13.87552
CARTWRT_1_N010,37.78999999998617,-122.25005721487219,13.87552
CARUTHRS_6_LN001,36.53218998,-119.8817036,-2.01942
CARUTHRS_6_N001,36.531554,-119.882758,-2.01942
CASSIDY_6_N004,36.92362589,-119.8127207,-1.86499
CASTAC_6_N001,34.91864164,-118.9261908,-10.22621
CASTELLA_LNODE,41.146254,-122.319747,13.41472
CASTROVL_2_N001,37.69127699998625,-122.06100285669102,17.34191
CASTROVL_2_N003,37.69127699998625,-122.06111714330898,17.34191
CASTROVL_2_N006,36.76278384840137,-121.73625384648868,17.34191
CATALYST_7_N001,37.33647699998642,-121.87909619952335,38.11386
CATLETT_6_N001,38.808811,-121.516115,8.88878
CATLETT_6_N005,38.80881208,-121.5164185,8.88878
CAWELOB_6_N001,35.57097799998741,-119.11546380934058,-10.21893
CAWELOC_1_N001,35.57097799998741,-119.11557419065942,-10.20342
CAYETANO_2_N001,37.738441719986184,-121.77096762115637,16.1152
CAYUCOS_6_N001,35.44865399998744,-120.8703058292383,-10.13322
CAYUCOS_6_N006,35.44865399998744,-120.8704161707617,-10.13322
CCOSTA_2_N001,37.998693,-121.783314,12.26396
CCSUB_1_N001,38.03,-121.75,12.08322
CCSUB_2_N001,38.01999999998606,-121.75994265860079,12.08303
CCSUB_2_N010,38.01999999998606,-121.7600573413992,12.08303
CCSUB_2_N025,37.99928,-121.78269,12.08303
CEDARVIL_LNODED1,41.53156,-120.18194,9.41819
CEDRCRK_6_N101,40.791141869564385,-121.93782993223053,5.85562
CELERON_6_N001,35.47518447998747,-119.76041242538307,-10.24257
CELERON_6_N002,35.47518447998747,-119.76052277461693,-10.24257
CENTERS_6_N001,33.928884073837764,-118.105463,-9.08713
CENTERS_6_N200,33.9288029630683,-118.10551943910147,-9.08713
CENTRAL_6_N001,37.381735384886426,-121.97835956300948,29.7299
CENTRAL_6_N002,37.381735384886426,-121.97847326499053,29.7299
CERTTEED_1_N001,37.059999999986665,-120.07994353791257,26.38
CERTTEED_1_N002,37.059999999986665,-120.08005646208743,26.38
CHALLNGE_6_N001,39.48543,-121.220509,8.83243
CHANNEL_6_N001,37.95526599998612,-121.33242068885451,7.92858
CHARKA_1_LN001,35.60801139375494,-119.32546543654307,-10.20699
CHARKA_1_N001,35.60801139375494,-119.32558016345693,-10.20699
CHCARITA_1_N001,32.9600895309367,-117.08989329478639,-8.81917
CHCARITA_1_N004,32.95991046897258,-117.08989329500262,-8.81917
CHCARITA_1_N008,32.95991046897258,-117.09010670499737,-8.81917
CHEROKEE_6_N001,38.005513,-121.237769,7.93614
CHESTER_6_N001,40.304405,-121.224282,6.25895
CHEVLHLS_6_N001,35.60555844317911,-119.70826753707485,-10.38286
CHEVMAIN_6_N001,33.90361099998812,-118.41411272071318,-9.10532
CHEVPIPE_6_N001,37.0873093,-121.0171895,6.14606
CHEVPLIN_6_N001,35.99686801,-119.9613332,-40.63055
CHICOA_6_N001,39.71879299998543,-121.82096169136352,6.26486
CHICOA_6_N010,39.71879299998543,-121.82107830863647,6.26486
CHICOB_1_N001,39.725493999985424,-121.84718768259572,6.26271
CHICOB_1_N002,39.725493999985424,-121.84730431740428,6.26271
CHINO_6_N007,33.998301818402325,-117.67886922357054,-9.03437
CHINO_6_N008,33.998301818402325,-117.67908677642946,-9.03437
CHLDHOSP_1_N001,36.87,-119.81,-2.21341
CHOLAME_6_N001,35.686521849987386,-120.33605028358014,-10.38433
CHOLAME_6_N002,35.686521849987386,-120.33616071641987,-10.38433
CHOLLAS_6_N001,32.744058749573895,-117.046316,-8.7893
CHOLLAS_6_N008,32.743978125200904,-117.04626065732346,-8.7893
CHOLLAS_6_N009,32.743978125200904,-117.04637134267654,-8.7893
CHSTN_1_N001,38.09,-120.3,8.92055
CHWCHLLA_1_N001,37.12075999994629,-120.25049792043754,5.0
CHWCHLLA_1_N002,37.12066983427897,-120.250611,-0.54191
CIMA_2_N101,35.2691,-115.49292,-10.0
CISCOTAP_6_N001,39.30944786,-120.5485424,8.81332
CITYUKH_1_B1,39.14300254479826,-123.19181754359136,-1.50303
CLAIRMNT_6_N008,32.825943,-117.184096,-10.0
CLAMMNA_1_N001,37.807826,-121.276142,9.32776
CLARKRD_7_N001,39.6546447946953,-121.635292,6.40903
CLARMNT_1_N001,32.825942999954904,-117.18398942940657,24.57
CLAYTN_1_N001,38.34245511038229,-120.93484110965764,14.77722
CLAYTN_1_N004,37.943825,-121.969415,14.77722
CLAYTN_1_N029,38.3422748895056,-120.93484110994348,14.77722
CLAYTN_1_N030,38.3422748895056,-120.93507089005652,14.77722
CLAY_6_N001,38.34245511038229,-120.93507089034236,7.6851
CLAY_6_N005,38.34236525,-120.9349563,7.6851
CLEARCT_7_N002,33.889805,-117.58836,-9.03492
CLEARGEN_6_N001,33.889714911001306,-117.58836,-9.0351
CLEARLAO_LNODE44,41.704981,-121.276741,12.15598
CLERLKE_6_N001,39.007954999985856,-122.89377935245265,-33.29
CLERLKE_6_N012,39.007954999985856,-122.89389464754734,-33.29
CLMBAHL_6_N001,39.331874,-121.101368,8.84781
CLMBAST_1_LN001,38.02588,-121.86295,14.86609
CLOVIS_1_N001,36.826043942491545,-119.681281,-2.77236
CLOVIS_1_N004,36.825963028740034,-119.68122263908639,-2.72055
CLOVIS_1_N101,36.825963028740034,-119.68133936091361,-2.77236
CLOVRDLE_1_N001,38.795757,-123.011412,-1.16143
CLRKSVLE_1_N001,38.655559898770534,-121.060175,8.95706
CLRKSVLE_1_N003,38.655479050599546,-121.06011522698469,8.95706
CLRKSVLE_1_N004,38.655479050599546,-121.0602347730153,8.95706
CLRMNT_7_N002,32.8260325535329,-117.184096,-8.81278
CLSAJCT_6_N001,39.190857,-121.990506,7.10979
CLWTER_2_N003,35.39850993300358,-118.93957167203409,21.65745
CMPEVRS_1_N001,37.041635999986624,-122.02530956161661,37.57194
CMPEVRS_1_N002,37.041635999986624,-122.02542243838339,37.57194
CNTRVL12_7_N001,39.78960159,-121.6583176,6.40275
CNTRYCB_6_N001,37.97966036733168,-121.31639835392943,9.15812
CNTRYCB_6_N002,37.979479632557,-121.31639835421177,9.15812
CNTRYCB_6_N004,37.979479632557,-121.31662764578823,9.15812
CNTRYCB_6_N006,37.97966036733168,-121.31662764607057,9.15812
COLHAT_6_N001,40.40092562,-122.141032,6.00832
COLLINS_7_N001,40.30244242,-121.2270199,6.25889
COLNGA1_6_N001,36.13602399998719,-120.34444457141348,-9.99207
COLNGA1_6_N002,36.13602399998719,-120.34455542858652,-9.99207
COLNGA2_6_N001,36.236577,-120.315114,-9.99243
COLONY_6_N001,38.190132,-121.181632,15.18115
COLUMBUS_1_N001,35.398330066896115,-118.93957167228022,-10.21163
COLUMBUS_1_N003,35.398330066896115,-118.93979232771979,-10.21163
COLUMBUS_1_N005,35.39850993300358,-118.9397923279659,-10.21163
COLUSAG1_2_LN001,39.21361111,-122.003018,9.1176
COLUSAG2_2_LN001,39.2136111099429,-122.0029024426207,9.11767
COLUSA_6_N001,39.2135335719588,-122.00296022137415,7.11041
COLUSA_6_N004,39.2135335719588,-122.00307577862586,7.11041
COLWATER_1_LN001,34.860151999950354,-116.85307688319033,-11.55863
COLWATER_1_N001,34.86007374913347,-116.85313194164753,-11.55863
COLWATER_1_N002,34.86007374913347,-116.85324205835246,-11.55863
COLWATER_2_LN001,34.86023025084167,-116.85324205845721,-12.62674
CON25_1_N001,38.04814999998604,-122.25918164663241,14.05602
CON25_1_N002,38.04814999998604,-122.25929635336759,14.05602
CONCHO_1_N002,33.785845,-116.342689,-8.84458
CONTADNA_1_N001,36.29,-119.71,-6.48216
CONTROLX_1_N001,37.342839,-118.471988,-50.58263
CONTROL_7_N001,37.34291722503321,-118.47193119226046,-49.99287
CONTROL_7_N022,37.33542299994568,-118.48073640143991,-49.86
CONTROL_7_N023,37.33533267793508,-118.48085,-49.60796
CONTROL_7_N024,37.33542299994568,-118.48096359856008,-49.14773
CONTROL_7_N025,37.33551332206491,-118.48085,-48.86673
COPCO2_LNODE21,41.97667,-122.36167,12.49454
COPPRMNE_6_N001,36.895862,-119.664596,-2.13063
COPUS_6_LN001,35.09329,-119.2788,-10.24786
COPUS_6_N001,35.093593,-119.278466,-10.24786
CORCORAN_1_N001,36.10957699998725,-119.55797958991954,-3.37615
CORCORAN_1_N005,36.10957699998725,-119.55809041008045,-3.37609
CORDELIA_1_N186,38.21606564998596,-122.11202498806371,9.38898
CORDELIA_6_N001,38.21606564998596,-122.11213981193629,9.38387
CORDPMP_6_N003,38.575433098781254,-121.497588,9.3856
CORNING_6_N004,39.93198099998522,-122.18732639815484,6.75865
CORNING_6_N006,39.93198099998522,-122.18744360184516,6.75865
CORONADO_6_N001,32.698823762005226,-117.173249,-8.80394
CORONADO_6_N002,32.69874311898509,-117.17319367259638,-8.80394
CORONA_1_N001,32.69874311898509,-117.17330432740361,12.55843
CORRAL_6_N001,38.1014979999861,-120.92635462577833,7.69285
CORRAL_6_N003,38.1014979999861,-120.92646937422167,7.69285
CORRECT_6_N001,35.1088,-118.5669,-9.4497
CORSGOLD_1_N001,37.22751499998653,-119.69108432761332,-1.98
CORSGOLD_1_N003,37.22751499998653,-119.69119767238668,-1.98
CORTINA_1_N106,39.121407,-122.224176,6.76272
CORUM_6_N001,34.940591,-117.953023,-9.44416
COTATI_6_N101,38.30970399998603,-122.73153156284509,12.68132
COTATI_6_N102,38.30970399998603,-122.73164643715491,12.68132
COTTLEA_2_N001,37.77271243200287,-120.82543059374856,6.77396
COTTLEA_2_N016,37.77253156788658,-120.82543059402842,6.77396
COTTLE_7_N001,37.77253156788658,-120.82565940597158,6.77396
COTWDPGE_1_N001,34.38040399998781,-116.87675022716886,6.07297
COTWDPGE_1_N030,40.39779,-122.26421,6.07297
COVELO6_6_N001,39.786283,-123.248563,0.69175
CPC-COLT_7_N001,34.057706,-117.340323,-8.99551
CPLECEF_1_N001,37.25999999998651,-121.63994328855216,28.91959
CPLECEF_1_N005,37.25999999998651,-121.64005671144784,28.91959
CPMTAP_1_B1,38.65550583,-121.0601747,8.95663
CRANEVLY_6_N001,37.29143609998645,-119.52933235143264,-2.12301
CRCANAL_6_N001,40.1384740349693,-122.208547,6.01693
CREELMAN_6_N001,33.018105,-116.853026,-8.80431
CREELMAN_6_N004,33.01810499995454,-116.85291922433491,-8.80431
CREELMAN_6_N014,33.018015468773,-116.853026,-8.80431
CRESSEY_1_N001,37.42858222324868,-120.638747,12.0
CRESTWD_6_N001,32.699023999988746,-116.35373376108788,-8.80259
CRUSHER_6_N001,37.021645,-122.154383,38.4652
CRWSLDG_6_N001,37.377307,-121.085672,9.35136
CRYSTLSG_6_N001,37.528913,-122.361067,36.66371
CSCCCA_7_N001,37.3681996,-121.9415923,29.81526
CSTRVLLE_1_N001,36.762604151493385,-121.73625384675147,37.56585
CUMMINGS_6_N001,35.109723,-118.494722,-9.44705
CURTIS1_7_N001,37.974949221777045,-120.320668,8.90308
CURTISS_1_N101,37.974867889096444,-120.32072756943327,8.90259
CUYAMA_6_N003,34.927414051712425,-119.62146116057818,-10.25548
CUYAMA_6_N004,34.92759468818806,-119.62146116082072,-10.24601
CYMRIC_1_N001,35.31,-119.63,-10.2454
DAIRYLND_1_N001,37.055221,-120.317015,-19.94546
DAIRYLND_1_N011,37.05416666998663,-120.31661024543277,-19.94546
DALYCTY_1_N001,37.69183743685224,-122.45558971251009,25.48899
DALYCTY_1_N005,37.69165656303749,-122.45558971278885,25.48899
DANA_6_N001,37.91111681,-121.2558718,7.94629
DANISHCM_1_N001,36.71900181109094,-119.76576504300833,-3.27742
DAVISCR_LNODED1,41.73,-120.37,9.49244
DAVIS_1_N001,39.06008956957949,-121.70988464738468,8.76821
DAVIS_1_N007,39.05991043030674,-121.70988464767737,8.76821
DAVIS_1_N012,39.05991043030674,-121.71011535232263,8.76821
DCJ_6_N001,37.3631074066298,-121.943867041,29.81901
DCJ_6_N002,37.36302610222031,-121.94380798119127,29.81901
DCJ_6_N003,37.36302610222031,-121.94392610080872,29.81901
DECPTSG_2_N001,38.05999999998602,-121.86994264179833,15.06289
DECPTSG_2_N018,38.05999999998602,-121.87005735820168,15.06289
DEEPWATR_1_N101,38.55162999998592,-121.56020750817653,8.75196
DEEPWATR_1_N104,38.55162999998592,-121.56032249182347,8.75196
DELAMO_2_LN001,33.848224999952514,-118.09705957100974,-9.08615
DELAMO_2_N001,33.84836303124857,-118.096994,-9.08615
DELAMO_2_N014,33.84828198436281,-118.09693765855927,-9.08615
DELAMO_2_N022,33.84828198436281,-118.09705034144073,-9.08615
DELEVAN_2_LN001,39.36814099998561,-122.26949508988623,9.11754
DELEVAN_2_LN002,39.36814099998561,-122.26961091011377,9.11754
DELMAR_6_N001,38.7988788301003,-121.220655,-8.82582
DELMAR_6_N001A,38.798798084934575,-121.22059518327069,8.93284
DELMAR_6_N005,38.798798084934575,-121.22071481672931,8.93284
DELMAR_6_N008,38.79882504,-121.2206552,8.93284
DELMAR_6_N010,32.980789999988666,-117.25535963525417,-8.82533
DELMAR_6_N011,32.980789999988666,-117.25546636474583,-8.82582
DELMNTE_1_N010,36.599053999987,-121.8539621246086,37.5685
DELMNTE_1_N201,36.599053999987,-121.85407387539139,37.5685
DELNORTE_LNODE50,41.86761799998422,-124.13905472462552,12.54563
DELNORTE_LNODE51,41.86761799998422,-124.13917527537447,12.54563
DELSUR_6_N001,34.7179256993675,-118.2880699984913,-9.3429
DELSUR_6_N009,34.71808230060774,-118.28806999859546,-9.34284
DELTAA_7_B1,37.80083,-121.62083,9.44927
DELTAA_7_B3,37.80082999994463,-121.62071555586219,9.44927
DELTAA_7_B4,37.80073957235167,-121.6207155560023,9.44927
DELTAB_7_B1,37.800675630438086,-121.62079648015816,9.44927
DELTAB_7_B3,37.80066033893136,-121.62090927588339,9.44927
DELTAC_7_B1,37.800691658649015,-121.62101663626287,9.44927
DELTAC_7_B3,37.8007576091769,-121.62109493587805,9.44927
DELTAD_7_B1,37.80084307107598,-121.62113233852405,9.44927
DELTAD_7_B3,37.80093336361948,-121.62112608618283,9.44927
DELTAE_7_B1,37.801016077904386,-121.62107983585311,9.44927
DELTAE_7_B3,37.801081880156175,-121.62100133633376,9.44927
DESCANSO_6_N001,32.86524,-116.633752,-8.79933
DESCHUTS_6_N001,40.55536797998476,-122.23969993196376,5.93559
DESCHUTS_6_N015,40.55536797998476,-122.23981886803625,5.93559
DEVERS_1_C72,33.938301,-116.577855,-8.87526
DEVERS_1_CN3,33.93830099995232,-116.57774636096323,-8.87526
DEVERS_2_N118,33.938391131210025,-116.577855,-8.87532
DEVLDNPP_6_N003,35.774930999987355,-119.97393475743563,-10.38464
DEVLSDN_6_N001,35.774930999987355,-119.97404524256437,-10.38495
DFS_1_N001,36.72,-120.6,0.27231
DGLSCTY_6_N001,40.646465,-122.9467947,6.12961
DIABLO1_7_LN001,35.21172399998751,-120.85484086052388,-10.91231
DIABLO1_7_N001,35.215922999950024,-120.84743471985068,-10.91231
DIABLO2_7_LN001,35.21172399998751,-120.85495113947611,-10.91207
DIABLO2_7_N001,35.215922999950024,-120.84765528014933,-10.91207
DIABLOCN_2_N001,35.21601309719158,-120.847545,-10.11188
DINUBAE_7_N001,36.56893330486095,-119.41841731957626,-3.21387
DINUBA_6_N001,36.56893330486095,-119.41864068042374,-3.21313
DINUBA_6_N005,36.56911269503489,-119.41864068068313,-3.21313
DIRYVLLE_6_N001,40.12799,-122.097838,5.99063
DISCOVRY_7_N001,35.43888889,-118.9986111,-10.21206
DIST1500_6_N101,38.784633,-121.655532,8.89296
DIST2047_6_N201,38.85644499998589,-121.78597442060556,7.12277
DIST2047_6_N204,38.85644499998589,-121.78608957939444,7.12277
DIVIDE_6_N011,34.82805555998759,-120.43883385343877,-10.07418
DIVISION_6_N001,32.6815959999886,-117.12003376624276,-8.80523
DIVISION_6_N009,32.6815959999886,-117.12014023375725,-8.80523
DIVVIDE_1_N021,34.82805555998759,-120.43894394656124,-10.07498
DIXON-J1_6_N101,38.44545401121386,-121.826237,9.3912
DIXONLD_1_N001,37.45786138503085,-121.9212391363197,31.87646
DIXONLD_1_N002,37.457680614859875,-121.92123913659493,31.87646
DIXONLD_1_N008,37.457680614859875,-121.92146686340506,31.87652
DIXON_6_B1,38.445372994377905,-121.8261772770627,9.3912
DIXON_6_N002,38.445372994377905,-121.8262967229373,9.3912
DLYCTYP_1_N001,37.69165656303749,-122.45581828721114,25.48899
DMNDSPR_1_N001,38.69304699998593,-120.82566347343,8.95712
DMNDSPR_1_N003,38.69304699998593,-120.82577852656999,8.95712
DOBBINS_6_N001,39.339604,-121.197378,8.85015
DOGCREEK_LNODE,40.94013311,-122.431008,13.87998
DOLANRD_1_N001,36.8002959999868,-121.76906687525691,37.56616
DOLANRD_1_ND006,36.8002959999868,-121.76917912474309,37.56616
DOMTAR_1_N001,38.13,-121.65,12.08328
DONNER_LNODE07,39.327305,-120.281812,-3.43454
DORRIS_LNODE06,41.96694,-121.91333,12.36012
DOSAMG1_7_B1,35.93569156428277,-120.84044369175919,5.63303
DOSAMG1_7_B3,35.935613999949254,-120.84038838362692,5.63303
DOSAMG1_7_B4,35.93553643569182,-120.84044369186773,5.63303
DOSAMG2_7_B1,35.93553643569182,-120.84055430813227,5.63303
DOSAMG2_7_B3,35.935613999949254,-120.84060961637307,5.63303
DOSAMG2_7_B4,35.93569156428277,-120.84055430824081,5.63303
DOSPALS_6_N001,36.97484,-120.635012,2.85284
DOUBLET_1_N001,32.90196007998871,-117.22702907896227,-8.82816
DOUBLET_1_N002,32.90196007998871,-117.22713572103773,-8.82816
DUANECT1_7_N001,37.37695501814395,-121.951408249,29.99459
DUANECT2_7_N001,37.3768737068133,-121.95134917326038,29.99459
DUANEST3_7_N001,37.3768737068133,-121.95146732473961,29.9944
DUKMOSS1_7_N001,36.85999999998676,-121.76005620188538,37.56518
DUKMOSS2_7_N001,36.84999999994714,-121.75988762218331,37.56518
DUKMOSS3_7_N001,36.84999999994714,-121.76011237781668,37.56518
DUKMOSS3_7_N002,36.85008992566386,-121.76,37.56518
DUKMOSS4_7_N001,36.84999999994714,-121.71988762218332,37.56228
DUKMOSS5_7_N001,36.83999999998681,-121.72005617595099,37.56222
DUKMOSS6_7_N001,36.84999999994714,-121.72011237781669,37.56228
DUKMOSS6_7_N002,36.85008992566386,-121.72,37.56228
DUMBARTN_1_N001,37.557155251259346,-122.057606,23.51641
DUMBARTN_1_N003,37.55707387435557,-122.05754673393427,23.51641
DUMBARTN_1_N011,37.55707387435557,-122.05766526606573,23.51641
DUNBAR_6_N001,38.38322299998598,-122.52777754540057,11.25225
DUNBAR_6_N002,38.38322299998598,-122.52789245459942,11.25225
DUNHILL_6_N001,32.901543,-117.229958,-4.62
DUNLAP_6_N001,36.64502999998689,-119.15909106962141,-3.21086
DUNNIGAN_6_N001,38.924808,-121.989951,7.12941
DUNNSIDE_1_N001,35.03321,-116.467335,-11.32994
DUPONT_6_N001,38.0113116,-121.7488298,12.08316
EAGLEMP1_7_B1,33.8114820113207,-115.453552,-8.60852
EAGLEMP2_7_B1,33.81140099432683,-115.45349570363085,-8.60865
EAGLEMTN_2_N001,33.81999999998812,-115.43994581868735,-8.60821
EAGLEMTN_2_N002,33.81999999998812,-115.44005418131265,-8.60821
EAGLROCK_2_N001,38.8293359999859,-122.81077743066047,-9.07858
EAGLROCK_2_N012,38.8293359999859,-122.81089256933953,-9.07858
EANDB_1_N001,35.49881,-119.04664,-10.21397
EASTGATE_6_N101,32.88493613808494,-117.20083859603457,-8.82644
EASTGATE_6_N201,32.88493613808494,-117.20094940396542,-8.82644
EBMUDGRY_1_N001,37.93,-122.04,14.6883
ECO_2_ND501,32.627048999988915,-116.1214247806325,-8.72702
ECO_2_ND502,32.627048999988915,-116.12153121936751,-8.72702
EDENVALE_1_N001,37.24503626216962,-121.7958386130011,46.03661
EDENVALE_1_N004,37.24485573772219,-121.79583861327271,46.03661
EDENVALE_1_N006,37.24485573772219,-121.79606538672729,46.03661
EDENVALE_1_N008,37.24503626216962,-121.7960653869989,46.03661
EDES_1_N001,37.738841261316736,-122.193777,13.88893
EDES_1_N003,37.73875986932675,-122.19371757776352,13.88899
EDMON1AP_7_N001,34.986313,-118.738787,-9.18464
EDMON2AP_7_N001,34.986312999950265,-118.73867680688261,-9.18464
EDMON3AP_7_N001,34.98622271993701,-118.73867680700413,-9.18464
EDMON3AP_7_N002,34.98615888237297,-118.73875472524391,-9.18464
EDMON4AP_7_N001,34.98614361582445,-118.738863331203,-9.18464
EDMON4AP_7_N002,34.98617488443967,-118.73896670370384,-9.18464
EDMON5AP_7_N001,34.98624072734969,-118.73904209487607,-9.18464
EDMON5AP_7_N002,34.986326049781965,-118.73907810817316,-9.18464
EDMON6AP_7_N001,34.986416194964555,-118.73907208804029,-9.18464
EDMON6AP_7_N002,34.98649877424742,-118.73902755565565,-9.18464
EDMON7AP_7_N001,34.98656446909455,-118.73895197200041,-9.18464
EDMON7AP_7_N002,34.98660721032227,-118.7388549100885,-9.18464
EDMON8AP_7_N001,34.98662398575978,-118.738746635625,-9.18464
EDMON8AP_7_N002,34.986614439197844,-118.738637059907,-9.18464
EDUBLIN_6_N001,37.704050859986204,-121.90064584682328,17.70654
EDUBLIN_6_N101,37.704050859986204,-121.90076015317672,17.70654
EDWARDS_1_N001,34.991871,-117.890005,-11.19865
EELRIVR_6_N001,40.6026579999847,-124.21013947578354,4.21084
EELRIVR_6_N005,40.6026579999847,-124.21025852421647,4.21084
EIGHTMI_2_N017,38.058077,-121.375292,9.13156
EIGHTMI_2_N020,38.05863929,-121.376889,9.13156
EISENHOW_1_N001,33.830599,-116.497612,-8.86966
EISENHOW_1_N034,33.8305089637852,-116.49750361255143,-8.86966
EISENHOW_1_N035,33.83044529864398,-116.49758025407495,-8.86966
EISENHOW_1_N036,33.83043007333124,-116.49768708049523,-8.86966
EISENHOW_1_N037,33.83046125749488,-116.4977887592061,-8.86966
EISEN_6_N001,35.35714,-118.97131,-10.21569
ELCAJNGT_7_N001,32.79537299995488,-116.97228745470751,-8.80234
ELCAJNGT_7_N004,32.79528343687954,-116.97228745481482,-8.80247
ELCAJNGT_7_N009,32.795220106262875,-116.97236279365998,-8.80247
ELCAJNGT_7_N010,32.795204960951885,-116.97246780435368,-8.80247
ELCAJON_6_N027,32.795557298984384,-116.9726265922731,-8.80444
ELCAPTN_1_N001,37.33589232223926,-120.50511640044255,0.45219
ELCAPTN_1_N004,37.33571167765215,-120.50511640071575,0.45219
ELCAPTN_1_N005,37.365512,-120.578993,0.45219
ELCASCO_1_LN001,33.9669,-117.078,-8.98864
ELCASCO_1_N014,33.96689999995221,-117.07789129518399,-8.98864
ELCASCO_1_N018,33.966809844521414,-117.078,-8.98864
ELCASCO_1_N020,33.96689999995221,-117.078108704816,-8.98864
ELCRRTO_1_N001,37.916205,-122.303194,13.96408
ELCRRTO_1_N023,37.9162049999445,-122.30307941811893,13.96408
ELCRTLD1_1_N001,37.91611460517215,-122.303194,13.96414
ELCRTLD2_1_N001,37.9162049999445,-122.30330858188108,13.96414
ELCRTLD4_1_N001,37.91629539482788,-122.303194,13.96414
ELDORU1_7_N001,38.79369223998588,-120.61950224302755,8.95571
ELDORU2_7_N001,38.79369223998588,-120.61961735697244,8.95552
ELECTRAJ_6_N009,38.33091303,-120.6702083,7.69088
ELKCREEK_6_N001,39.12957472883464,-123.711777,6.79057
ELKHIL1G_7_N001,35.226128018725106,-119.3777288584471,-10.21858
ELKHIL2G_7_N001,35.22604999995,-119.37767371700025,-10.21858
ELKHILLS_7_N002,35.225971981249835,-119.37783914144686,-10.26176
ELK_6_N001,39.1294941355673,-123.71183698354646,-3.38089
ELLIOTT_6_N001,32.81594955645943,-117.08834743785866,-8.80905
ELLIOTT_6_N004,32.81577044345038,-117.08834743807347,-8.80905
ELLIOTT_6_N014,32.81577044345038,-117.08856056192653,-8.80905
ELLIS_6_N001,37.716505,-121.548766,-9.00018
ELLIS_6_N105,33.685126,-117.943596,-9.00018
ELLSGTY_1_N001,33.685294,-117.943088,9.38905
ELNIDO_1_N004,37.12061299998659,-120.47270746040512,60.0
ELNIDO_2_N001,37.12061299998659,-120.47282053959488,-9.10538
ELNIDO_2_N012,33.896298056801314,-118.372769,-9.10538
ELNIDO_2_N029,33.89621697158651,-118.37271260024885,-9.10538
ELNIDO_7_N001,33.89621697158651,-118.37282539975115,68.32
ELPATIO_1_N001,37.29227329467893,-121.93579950098238,39.37631
ELPATIO_1_N006,37.2920927052127,-121.93579950125482,39.37631
ELPATIO_1_N015,37.2920927052127,-121.93602649874518,39.37631
ELPATIO_1_N029,37.29227329467893,-121.93602649901763,39.37631
ELPECO_6_N004,36.880750319986795,-120.16430997113376,-1.6251
ELPECO_6_N005,36.880750319986795,-120.16442242886625,-1.6251
ELSEGNDO_2_N020,33.90853206323449,-118.423099,-9.10532
EMBRCDR_2_N001,37.780090430972514,-122.37988558363396,26.35352
EMBRCDR_2_N008,37.77990956891692,-122.37988558391392,26.35352
EMBRCDR_2_N101,37.77990956891692,-122.38011441608609,26.35352
EMBRCDR_2_N104,37.780090430972514,-122.38011441636604,26.35352
EMRLDLE_6_N001,37.462178,-122.277933,36.66463
EMRYSVE_1_N001,39.163430999985756,-121.56151425780503,8.97457
EMRYSVE_1_N003,39.163430999985756,-121.56162974219497,8.97457
ENCINAL_6_N001,39.247383,-121.637248,7.01919
ENCINA_1_N001,33.13699513479889,-117.33531843066032,-8.85324
ENCINA_1_N049,33.13699513479889,-117.33542956933968,-8.85324
ENCNITAS_6_N001,33.05068472041646,-117.285325,-8.82718
ENCNITAS_6_N004,33.05060413977941,-117.28526949553299,-8.82718
ENCNITAS_6_N011,33.05060413977941,-117.285380504467,-8.82718
ENICOLS_1_N023,38.90976699,-121.542195,40.2
ENSLEN_LNODEWFN,37.65224426097517,-121.0013,9.02683
ERTA_6_N001,36.930594,-121.763827,37.57108
ESCNDIDO_6_N001,33.12553751394818,-117.11713907638253,-8.82994
ESCNDIDO_6_N046,33.12562692787242,-117.11713323473265,-8.82994
ESCNDIDO_6_N053,33.125708837265464,-117.11709002278538,-8.82994
ESCNDIDO_6_N070,33.125773999187075,-117.11701668029998,-8.82994
ESCNDIDO_6_N071,33.125816393691274,-117.11692249643629,-8.82994
ESCNDIDO_6_N072,33.12583303304557,-117.11681743249952,-8.82994
ESCNDIDO_6_N073,33.12582356393166,-117.11671110589248,-8.82994
ESCNDIDO_6_N074,33.12578976941293,-117.11661208659224,-8.82994
ESCNDIDO_6_N075,33.125735041243566,-117.11652745409484,-8.82994
ESCNDIDO_6_N076,33.12566386829419,-117.11646256452431,-8.82994
ESCNDO_7_N003,33.12549288782574,-117.1164045327703,-8.83007
ESCO_6_N001,33.115770727187964,-117.089119,-8.82908
ESCO_6_N004,33.11569013639368,-117.08906344744015,-8.82908
ESQUON_6_N001,39.60787599998552,-121.76838683094496,6.26492
ESTCKTN_6_N002,37.96284412998611,-121.26155298510835,7.93836
ESTCKTN_6_N101,37.96284412998611,-121.26166761489165,7.93836
ESTGRND_1_LN001,37.65398770504627,-122.40291657307135,25.03863
ESTGRND_1_N001,37.653806834843614,-122.40291657334959,25.03863
ESTGRND_1_N005,37.653806834843614,-122.40314502665042,25.03863
ESTGRND_1_N009,37.65398770504627,-122.40314502692864,25.03863
ESTPRTL_1_N001,37.876677,-122.186415,13.87226
ESTQNCY_6_N001,39.938128,-120.910322,6.22303
ETIWANDA_2_LN001,34.088145,-117.525582,-9.02824
ETIWANDA_6_N001,34.0883812512724,-117.5255740237224,-9.02824
ETIWANDA_6_N003,34.08805474873831,-117.52547302427173,-9.02812
EUREKAA_6_N001,40.793883999984665,-124.18290627263764,4.38166
EUREKA_6_N001,40.793883999984665,-124.18302572736236,4.38154
EVRGREEN_1_N001,37.303338999986465,-121.8408102375639,40.36682
EVRGREEN_1_N019,37.303338999986465,-121.84092376243609,40.36682
EXXONBH_7_N001,38.08095331088854,-122.13762073299924,11.42697
FAIRHAVN_6_N001,40.80028,-124.195714,4.38178
FAIRVIEW_6_N001,37.3749292694793,-121.973097138,29.81993
FAIRVIEW_6_N002,37.3748479591456,-121.97303806458021,29.81993
FAIRVIEW_7_N005,37.3748479591456,-121.97315621141979,29.81993
FAIRWAY_1_N001,34.91059499998762,-120.44635292480474,-10.07609
FAIRWAY_1_N002,34.91059499998762,-120.44646307519525,-10.07609
FAMOSO_1_N001,35.60500099998741,-119.20248280260235,-10.20459
FARREL_1_N001,33.85654399998807,-116.49686777574072,-8.87218
FARREL_1_N002,33.85654399998807,-116.49697622425927,-8.87218
FELICITA_6_N001,33.093263724336374,-117.073637,-8.82994
FELICITA_6_N005,33.09318313781945,-117.07358146461416,-8.82994
FELICITA_6_N009,33.09318313781945,-117.07369253538583,-8.82994
FELLOWSG_7_N001,35.195188999987465,-119.58505586292793,-10.24564
FIGARDN_2_LN001,36.8220849903732,-119.8585814,-1.94844
FIGARDN_2_N001,36.8220040797992,-119.85852304439742,-1.94844
FIGARDN_2_N101,36.8220040797992,-119.85863975560258,-1.94894
FIREBAGH_6_N001,36.850688,-120.466577,2.0511
FLINT_1_N001,38.88530299998586,-121.06669540924167,8.94863
FLINT_LNODE_LDT1,38.88530299998586,-121.06681059075832,11.22089
FMC_1_N001,37.347699999986396,-121.92219018683774,35.50027
FMC_1_N003,37.347699999986396,-121.92230381316226,35.50027
FOOTHILL_1_N001,35.27,-120.7,-10.07278
FORSTHL_6_N001,39.01927,-120.830271,8.93104
FORTORD_6_N001,36.643362999986934,-121.79208207163943,37.56936
FORTORD_6_N025,36.643362999986934,-121.79219392836056,37.56936
FORTRSS_6_N001,38.539559,-123.223713,12.67044
FOSTERW_7_N001,38.02007534657929,-122.06127131707333,14.41389
FRANKLIN_6_N003,38.012317,-122.264655,13.96722
FRANKLIN_6_N004,38.01218229,-122.264201,13.96722
FRAZPARK_6_N001,34.815086,-119.009915,-9.17658
FRDCIR_6_N005,37.391069314986424,-121.96618971980963,29.53814
FRDCIR_6_N007,37.391069314986424,-121.96630344219037,29.53814
FREMNT_1_N001,37.54118124868743,-121.962063,28.44542
FREMNT_1_N007,37.54109987564155,-121.96200374944321,28.44542
FREMNT_1_N013,37.54109987564155,-121.96212225055679,28.44542
FRESNOWW_6_N001,36.70363064,-119.8811618,-2.01935
FRIARS_1_N001,32.77904499998872,-117.15675673371696,-8.81585
FRIARS_1_N009,32.77904499998872,-117.15686326628304,-8.81585
FRITOLAY_7_N001,35.44055556,-119.2902778,-10.24361
FRNCHCP_6_LN001,37.88213105998615,-121.29015842794291,7.94605
FRNCHCP_6_N001,37.88213105998615,-121.29027297205708,7.94605
FRNCHGLH_6_N001,40.68692,-122.641204,6.02944
FROGTOWN_7_N001,38.056504,-120.53381,8.96412
FRSHXPRS_6_B1,36.65083851,-121.6361776,37.58043
FRSTGLEN_1_N001,40.37805556,-123.3388889,6.07285
FRTSWRD_6_N001,40.21377199998503,-123.59658599020719,4.16583
FRUITLND_6_N001,40.28584,-123.837372,4.61991
FRUITVLE_6_N001,35.376774999987504,-119.0924868388967,-10.21305
FRUITVLE_6_N101,35.376774999987504,-119.09259716110328,-10.21305
FTBRGD1_7_N003,39.434647359985576,-123.79940482451937,-3.36754
FTBRGD2_7_N003,39.434647359985576,-123.79952077548063,-3.36754
FTCHMTN_6_N001,38.60608399998592,-122.85282549557644,17.0682
FTCHMTN_6_N003,38.60608399998592,-122.85294050442356,17.0682
FULTON_2_N010,38.49657200829278,-122.75943026543568,13.02238
FULTON_2_N049,38.49657200829278,-122.75954973456432,13.02238
F_6_N001,32.75497274686537,-117.126027,-8.81339
F_6_N002,32.75489212655523,-117.12597165333155,-8.81339
F_6_N005,32.75489212655523,-117.12608234666845,-8.81339
GABILAN_6_N001,36.731511,-121.61325,37.57951
GALE_1_N001,34.859556356607754,-116.8653038835563,-11.55851
GALLO_1_N009,37.36332475998635,-120.76036836934983,0.45545
GANSNER_6_N101,39.939187,-120.948157,6.25631
GANSO_1_N001,35.501697829987435,-119.44918757868986,-10.24546
GARCIA_6_N001,38.88879,-123.550318,-3.378
GARDNER_6_N001,35.15393575,-119.3363528,-10.2481
GAREY_1_N002,34.98,-120.26,-10.07646
GARFIELD_6_N001,32.795125,-116.996848,-8.80462
GARNET_7_N001,33.93858299995228,-116.57633536031197,-8.87384
GASQUET_LNODE42,41.84833,-123.96667,12.52016
GATESBK4_7_N001,36.139798719987255,-120.12483566870624,-10.44584
GATESBK4_7_N005,36.139798719987255,-120.12494653129376,-9.99286
GATEWAY2_7_N002,38.016869651727845,-121.757812,12.26409
GATEWAY3_7_N002,38.01705034827226,-121.757812,12.26409
GENESEE_6_N001,32.87974054062765,-117.2133823800825,-8.82373
GENESEE_6_N005,32.87956145928191,-117.21338238029792,-8.82373
GENESEE_6_N011,32.87956145928191,-117.21359561970208,-8.82373
GENESEE_6_N015,32.87974054062765,-117.2135956199175,-8.82373
GENE_2_N001,34.3,-114.23,-8.43194
GENE_2_N010,34.29096,-114.171279,-8.43194
GERBER_6_N101,40.064207,-122.156114,6.0157
GEYSR16_2_N006,38.76617,-122.70739,13.02023
GEYSR17_2_N005,38.82387,-122.78139,13.01998
GEYSR18_2_N002,38.76867,-122.74786,11.24481
GEYSR20_2_N002,38.77875,-122.7552,11.24413
GEYSR5-6_7_N001,38.777006613720275,-122.74238837921152,0.14293
GIFFEN_6_N001,36.54507599998703,-120.33446318723175,-9.49914
GILLRAN_1_LN001,37.9868115699861,-122.04032207362229,-18.85
GILROYF_1_N001,37.14,-121.58,46.04466
GIRVAN_6_N001,40.51347,-122.378916,5.98515
GLASS_6_N001,36.92896532998674,-120.10284000826357,-1.6259
GLASS_6_N008,36.92896532998674,-120.10295259173643,-1.6259
GLDTGEN_7_N001,35.054148,-118.186137,-9.44496
GLENCLIF_6_N001,32.798367,-116.498315,-8.80056
GLENN_6_N024,39.77775522,-122.1426982,6.7517
GLENWOOD_6_N001,37.45733023092607,-122.186967,26.09313
GLENWOOD_6_N004,37.457248884522265,-122.18690783531744,26.09313
GLENWOOD_6_N005,37.457248884522265,-122.18702616468256,26.09313
GLRYCGG1_7_N001,37.12999999998655,-121.5600565514771,46.04491
GNSOLAR_7_N002,37.29462742,-120.4068538,0.44844
GOLDTREE_1_N001,35.32012199998752,-120.69284284611503,-10.07278
GOLDTREE_1_N002,35.32012199998752,-120.69295315388497,-10.07278
GOLETA_2_LN001,34.46864,-119.882337,-9.13003
GOLETA_6_N200,34.46880142976412,-119.88445868708224,-9.13009
GONZALES_6_N001,36.50885299998702,-121.44685522795733,37.57477
GONZALES_6_N003,36.50885299998702,-121.44696677204267,37.57477
GORMAN_6_N001,34.8014,-118.818908,-9.1815
GOSELKE_1_N001,35.601685759107795,-119.57954360648762,-10.20982
GOSLKPV_7_N002,35.6015062407915,-119.57976439326474,-10.20982
GOULD_2_N001,34.22145799998786,-118.18701737338756,-9.07821
GOULD_2_N007,34.22145799998786,-118.18712662661244,-9.07821
GRANDIS_1_N004,38.23108199998597,-121.59029758372996,8.01119
GRANDIS_1_N009,38.23108199998597,-121.59041241627003,8.01119
GRANITE_6_N001,32.804473,-116.92086,-8.80567
GRANITE_6_N001A,38.991736,-122.932656,-4.55081
GRANITE_6_N007,32.804472999954854,-116.9207534473782,-8.80567
GRANITE_6_N008,32.80438343993102,-116.92086,-8.80567
GRANITE_6_N009,32.804472999954854,-116.92096655262179,-8.80536
GRANTRK_6_N001,37.671029436181016,-122.16000174541144,37.58221
GRANT_1_N001,37.67084856370894,-122.16000174568991,22.34547
GRANT_1_N005,37.67084856370894,-122.1602302543101,22.34547
GRAPEVNE_6_N001,34.918551316390584,-118.9261908,-10.22689
GRBRVLLE_6_N001,40.10263,-123.792873,3.48668
GRDNEAST_1_N101,36.47999999998696,-119.60994425959105,-3.34
GRDNEAST_1_N102,36.47999999998696,-119.61005574040897,-3.34
GRDNWEST_1_N001,36.59,-119.57,-3.33148
GREATLKS_6_N001,34.837385,-118.155457,-9.35311
GREENBRE_6_N001,37.93780399998614,-122.51415869769995,11.62149
GREENBRE_6_N003,37.93780399998614,-122.51427330230004,11.62149
GRIDLEY_6_N001,39.37056399998568,-121.68786108759652,6.79672
GRIMWAY_1_N001,35.27,-118.87,-10.21225
GRIMWAY_1_N005,35.25186,-118.85304,-10.21225
GRIZZLY_7_N001,39.88138889,-120.475,13.87196
GRMWYSM_6_N001,35.2239,-118.88,-10.22172
GRNTHLL_1_N001,32.80456256006898,-116.92086,-8.8096
GRNTHLL_1_N004,32.71264846,-117.1308522,-8.8096
GRNTVRNL_1_LN001,37.78999999998617,-121.35994278512781,9.36641
GRNVALY_1_N001,36.952139010813255,-121.76018,37.5701
GRNVALY_1_N011,36.95205799457908,-121.76012146857028,37.5701
GRONMYER_6_N001,37.83113721,-121.2650279,9.32665
GROUSCRK_6_N001,40.714128659984695,-123.52841395247704,4.80657
GROYPKR_1_N005,36.99972222,-121.5372222,46.04485
GRSSVLY_6_N101,39.209514,-121.061004,6.94076
GRYSFLT_6_N001,40.021612,-121.065532,6.25631
GUALALA_6_N001,38.78669899998589,-123.52271944534662,12.65893
GUALALA_6_N003,38.78669899998589,-123.52283455465339,12.65893
GUERSEY_7_B1,36.2263445,-119.6552318,-8.63084
GUSTINE_6_N001,37.253223999986524,-121.01302629664288,9.34687
GUSTINE_6_N002,37.253223999986524,-121.01313970335713,9.34687
GYSR78TP_1_N005,38.8149,-122.80141,0.26668
GYSRVLLE_6_N001,38.70981887157317,-122.907957,17.01097
GYSRVLLE_6_N003,38.70973806419826,-122.90789721183104,17.01097
HAAS_7_N002,36.927364,-119.020827,-3.41629
HALEJ1_1_LN001,38.236289999986035,-122.0968525822554,9.392
HALEJ2_1_LN001,38.236289999986035,-122.09696741774461,9.38892
HALLSFLT_6_N001,40.74904096,-121.2802498,5.99128
HALSEYF_7_N001,38.90131699998584,-121.08772559737287,8.94211
HAMILBR_7_N001,40.26940801,-121.087813,6.25151
HAMILTON_6_N001,39.746242,-122.011361,6.75182
HAMLIN_1_N009,40.38719215759148,-123.045061,-14.02
HAMMER_6_N001,38.02138220754234,-121.320367,9.16045
HAMMER_6_N003,38.02130089621381,-121.32030740848892,9.16045
HAMMER_6_N004,38.02130089621381,-121.32042659151108,9.16045
HAMMONDS_1_N001,36.72011,-120.603287,-98.35
HARBORG_7_N101,33.770089981295506,-118.25010824500784,-9.1087
HARDING_6_N001,37.96379937479765,-121.2904483692276,7.9367
HARDING_6_N004,37.96361862509118,-121.29044836950978,7.9367
HARDWICK_6_N001,36.40426099998707,-119.68618433896405,-3.34576
HARRIS_6_N001,40.78104299998464,-124.13194328500423,4.38141
HARRIS_6_N003,40.78104299998464,-124.13206271499577,4.38141
HARTER_6_N001,39.14325399998575,-121.6480072716394,7.08409
HARTER_6_N003,39.14325399998575,-121.6481227283606,7.08409
HARTLEY_6_N001,39.07726799998581,-122.93226431359712,-3.24242
HARTLEY_6_N004,39.07726799998581,-122.93237968640288,-3.24242
HATCRK1_6_N001,40.92932834,-121.5442871,5.99239
HATTON_6_N001,36.55679,-121.897162,37.56985
HAYFORK_6_N001,40.5509943,-123.1636433,6.12967
HEADGATE_6_N001,39.789288,-122.051452,6.75422
HELDSBRG_6_N001,38.609849999985855,-122.85613249467578,17.00974
HELDSBRG_6_N009,38.609849999985855,-122.85624750532422,17.00974
HELIJET_6_N001,34.611921,-118.114817,-9.32777
HENRITTA_6_LN001,36.242062000433485,-119.9028169053977,-8.62494
HENRITTA_6_N101,36.24160599998715,-119.9029965105001,-8.62494
HERDLYN_6_N001,37.816383,-121.586176,7.20568
HICKS_2_N001,37.234159254320986,-121.90015163922017,46.76125
HICKS_2_N002,37.23397874557105,-121.9001516394916,46.76125
HICKS_2_N007,37.23397874557105,-121.90037836050841,46.76125
HICKS_2_N013,37.23361368,-121.900946,46.76125
HIDEDCT1_7_N001,34.145342194461776,-116.18586145105628,-9.01784
HIDEDCT2_7_N002,34.145263999951744,-116.18580690221354,-9.01784
HIDEDCT3_7_N001,34.14518580551402,-116.18586145115727,-9.01784
HIDEDST1_7_N001,34.14518580551402,-116.18597054884273,-9.01784
HIDESERT_2_N001,34.145263999951744,-116.18602509778646,-9.01784
HIDESERT_2_N018,34.145342194461776,-116.18597054894371,-9.01784
HIGGINS_1_N001,39.043590575891166,-121.09071766620363,8.94113
HIGGINS_1_N002,39.04341142399536,-121.0907176664961,8.94113
HIGGINS_1_N004,39.04341142399536,-121.09094833350389,8.94113
HIGHLD_1_N001,38.93741777608508,-122.609034,2.45987
HIGHLD_1_N005,38.937337111942234,-122.60909387327588,2.45987
HIGHWAY_1_N001,38.166048151820924,-122.253616,11.62186
HIGHWAY_1_N002,38.16596692407439,-122.25355635179834,11.62186
HILLSDLE_6_N001,37.536271,-122.322394,24.40415
HILLSIDE_1_N001,37.879999999986126,-122.23994272916374,13.87189
HILLSIDE_1_N004,37.879999999986126,-122.24005727083625,13.87189
HINDSP1_7_B1,33.70558595384776,-115.62686,-8.74037
HINDSP2_7_B1,33.70550502306335,-115.6268038329638,-8.74049
HINSON_6_N001,33.8187063167147,-118.22244226216476,-9.10833
HLFMNBY_6_N002,37.46874323375435,-122.43018,24.4071
HLFMNBY_6_N004,37.46866188310803,-122.43012082319957,24.4071
HLFMNBY_6_N101,37.46866188310803,-122.43023917680043,24.4071
HMBLTBY_6_N003,40.78280899998469,-124.11247771670773,4.37895
HNTRSPT_1_LN001,37.432819999986364,-122.20268309414536,25.48616
HNTRSPT_1_LN002,37.432819999986364,-122.20279690585465,25.48616
HOBARTTP_LNODE19,39.400047,-120.149888,-3.4346
HOLLISTR_1_N001,36.86276493702428,-121.40575458914812,37.56856
HOLLISTR_1_N004,36.86258506286991,-121.40575458941272,37.56856
HOLLISTR_1_N101,36.86258506286991,-121.40597941058728,37.56856
HOMEGRND_1_N001,38.96,-122.84,2.1629
HOMEPROC_1_N001,38.94,-122.85,2.16283
HOMESTEA_6_N001,37.339076114186454,-121.9785324215764,29.81839
HOMESTEA_6_N002,37.339076114186454,-121.9786460284236,29.81839
HONCUT_1_N001,39.320099,-121.595289,7.01218
HOOPA_6_N001,41.05656823719006,-123.682252,4.59336
HORSESHE_1_N001,38.744281999985915,-121.16156545871566,8.95312
HORSESHE_1_N002,38.744281999985915,-121.16168054128434,8.95312
HPLNDJT_6_N001,38.972898,-123.081134,-6.85452
HSK_LA_LNODEKSS,34.487,-118.514,-8.96404
HUNT1G_7_N002,33.645950581890766,-117.97761038065147,-9.00018
HUNT2G_7_N002,33.64596651133317,-117.97781805443613,-9.00018
HUNT3G_7_N002,33.646116990569396,-117.97792719657157,-9.00018
HUNT4G_7_N002,33.64628893105762,-117.97787767060932,-9.00018
HURON_6_N001,36.185797,-120.104535,-9.99311
HYATT_2_N212,39.54,-121.47,6.2616
HYMPOMJT_6_N005,40.714128659984695,-123.52853324752296,4.80805
IBM-CTLE_1_N001,37.33,-121.74,46.03667
IBM-HRRS_1_N001,37.339999999986375,-121.73994319553019,46.03587
IBM-HRRS_1_N101,37.339999999986375,-121.74005680446982,46.03587
IGNACIO_1_N102,38.07555099998604,-122.54000436436782,11.61344
IMHOFF_1_N001,38.001509,-122.066739,14.41715
IMPRLBCH_6_N001,32.583238980116946,-117.09732161915153,-8.79096
IMPRLBCH_6_N004,32.58341831979319,-117.09732161936442,-8.79096
IMPRLVLY_2_N070,32.717273591116836,-115.715481755367,-8.61449
IMPRLVLY_2_N074,32.71719599995503,-115.71542851082661,-8.61449
IMPRLVLY_2_N077,32.71711840886078,-115.71548175545963,-8.61449
IMPRLVLY_2_NM01,32.71711840886078,-115.71558824454037,-8.61449
IMPRLVLY_2_NM05,32.71719599995503,-115.71564148917338,-8.61449
IMPRLVLY_5_N036,32.717273591116836,-115.71558824463301,-8.61517
INDACRE_6_N001,36.66380742,-121.6285783,37.57809
INDIANW_1_N001,33.75822999998817,-116.36079489140164,-8.84415
INDIANW_1_N005,33.75822999998817,-116.36090310859835,-8.84415
INDNFLT_6_N001,37.66547,-119.841331,-0.07855
INERGY_1_N004,38.277196,-120.91392,-10.24257
INGRMC_1_N001,37.83,-121.17,9.34675
INTAKE_2_N029,37.874784,-119.96485,7.16864
INTERNAT_LNODELD,41.432568,-122.38296,12.74075
INYOKERN_1_N001,35.65261399998741,-117.79478579202693,-11.22151
INYOKERN_1_N008,35.65261399998741,-117.79489620797307,-11.22151
IRONMTN_2_N001,34.16,-115.12,-8.54415
ISIS_7_N001,35.730738649654164,-119.8581481,-10.38606
IUKA_6_N001,37.665987,-121.831011,19.13338
IVSOLARS_7_N009,32.671054,-115.586959,-8.62076
JACALITO_6_N001,36.13088733,-120.2451912,-9.99262
JACINTO_6_N001,39.582923,-122.010645,6.75114
JAMACHA_6_N001,32.744163749547276,-116.957239,-8.79139
JAMACHA_6_N006,32.74408312521416,-116.95718365728564,-8.79139
JAMACHA_6_N015,32.74408312521416,-116.95729434271436,-8.79139
JAMESON_1_N001,38.205742999986015,-122.14748159111618,9.39366
JAMESON_1_N009,38.205742999986015,-122.14759640888383,9.39366
JANSCRK_6_N001,40.905394259900845,-124.072573,4.38098
JANSCRK_6_N003,40.90531287003298,-124.0725108262728,4.38098
JARVIS_1_N014,37.59572442721241,-122.01803387245575,25.84679
JARVIS_1_N016,37.595543572677634,-122.01803387273313,25.84679
JARVIS_1_N017,37.595543572677634,-122.01826212726687,25.84679
JARVIS_1_N101,37.59572442721241,-122.01826212754425,25.84679
JCBSCRNR_6_N001,36.22245499998718,-119.77977650530629,-8.62777
JCBSCRNR_6_N003,36.22245499998718,-119.77988749469371,-8.62777
JENNINGS_6_N001,37.334271,-121.85472,40.37241
JENNY_1_N001,37.769999999986226,-122.25994279875593,13.89096
JENNY_1_N008,37.769999999986226,-122.26005720124407,13.89096
JESSUP_1_N001,40.462102,-122.328061,5.96577
JHINDS_2_LN001,33.70550502306335,-115.6269161670362,-8.74019
JMSCNPMP_1_N001,38.19,-122.47,11.61946
JM_6_N001,37.904891469986154,-121.2608287848027,7.94623
JOHANNA_2_N001,33.713623958185146,-117.852576,-8.99926
JOHANNA_2_N007,33.713543020894754,-117.85251982319095,-8.99926
JOHANNA_2_N018,33.715239,-117.85065,-8.99926
JOLON_6_N001,36.013308,-121.167635,24.16667
JOLON_6_N002,36.01330796,-121.1676346,24.16667
JULIETTE_6_N001,37.38658075858639,-121.96739834670504,29.64085
JULIETTE_6_N002,37.38658075858639,-121.96751205929496,29.64085
KAMM_1_N001,36.58,-120.52,-9.96783
KANAKA_1_N001,39.439999999985574,-121.38994201903363,6.94433
KANSASGN_7_N001,36.225745,-119.833214,-8.62777
KCTYTAP_6_N005,36.216923999948776,-121.12668201958728,24.16575
KEARNEY_6_N001,36.704357999986875,-119.88278399673257,-2.01942
KEARNEY_6_N099,36.704357999986875,-119.88289600326743,-2.01942
KEARNEY_7_N001,32.832849999988746,-117.13199871171014,-8.81161
KEARNEY_7_N003,32.832849999988746,-117.13210528828985,-8.81192
KEARNY_6_N036,36.70565475,-119.882824,-8.81308
KELLEY_6_N001,35.02051773995017,-119.06278930970205,-10.22935
KELSO2_7_N002,37.79764337690692,-121.60153328004418,9.43635
KELSO3_7_N002,37.797721689944616,-121.60170494003297,9.43635
KELSO_2_N001,37.79780000306528,-121.60153327992285,9.43635
KENNETH_6_N001,37.37577868678644,-121.95416877755858,29.81796
KENNETH_6_N002,37.37577868678644,-121.95428246644141,29.81796
KERCK1G1_7_N001,37.09232,-119.55255,-2.27388
KERMAN_6_N001,36.69205999998684,-120.05918901200307,-2.58727
KERMAN_6_N002,36.69205999998684,-120.05930098799692,-2.58727
KERNFRT_1_N001,35.55961,-118.9574,-10.20579
KERNOIL_1_N001,35.440763937109985,-119.02067,-10.21188
KERNOIL_1_N012,35.440683031431455,-119.02061266604316,-10.21188
KERNOIL_1_N031,35.440683031431455,-119.02072733395684,-10.21188
KERNPWR_1_N002,35.37980096994444,-119.097984,-10.21421
KERNPWR_1_N201,35.37972001501422,-119.09792667452027,-10.21421
KERNRDGE_1_N001,35.48320899998747,-119.76358482417542,-10.20118
KERNRVR_6_N014,35.460194,-118.779714,-9.48187
KERNRV_1_N001,35.37972001501422,-119.09804132547973,-10.21206
KERNWATR_1_N001,35.400666,-119.035603,-10.21378
KESWICK_6_N001,40.623725,-122.462027,6.02464
KETTLEMN_6_N001,36.044075,-120.112696,-40.62779
KETTNER_6_N001,32.733172,-117.173774,-8.80437
KIFER_1_N022,37.37651928180129,-121.950950484,29.90541
KIFER_6_N001,37.37643797068464,-121.95089140875906,29.90541
KIFER_6_N020,37.37643797068464,-121.95100955924093,29.90541
KINGCTY_6_N001,36.21683446257632,-121.126793,24.16692
KINGCTY_6_N002,36.216923999948776,-121.12690398041272,24.16692
KINGCTY_6_N005,36.21701353742374,-121.12679299999999,24.16692
KINGSBRG_1_N001,36.48869063297857,-119.58234525016937,-3.34915
KINGSBRG_1_N008,36.48861299994815,-119.58228950045047,-3.34915
KIRKER_1_N001,38.0212542075842,-121.905844,14.86757
KIRKER_1_N005,38.02117289619287,-121.90578440854696,14.86757
KIRKER_1_N006,38.02117289619287,-121.90590359145303,14.86757
KMPUD_7_N001,38.49628,-120.22056,7.67262
KNGHTSLD_1_N001,38.809281,-121.74515,8.84773
KONOCTI6_6_N001,38.9325,-122.741085,-1.93565
KONOCTI6_6_N0027,38.93235913,-122.741004,-1.93565
KRAMER_1_N001,34.989052,-117.542205,-11.1909
KRAMER_1_N203,34.989051999950256,-117.54209480549595,-11.1909
KYOCERA_6_N001,32.81977599998868,-117.14030871733348,-8.81321
KYOHO_1_LN001,37.94059,-121.2209,7.74651
LACSD_7_N001,33.803711,-118.282036,-9.1063
LAFRESA_6_N001,33.86979104273171,-118.33319,-9.10643
LAFRESA_6_N007,33.869709978621295,-118.33324636755688,-9.10643
LAFRESA_6_N008,33.869994999988144,-118.33211475997378,-9.10643
LAGNANL_1_N001,33.49498074466377,-117.70295838393929,-8.90896
LAGNANL_1_N002,33.494801255243225,-117.70295838416239,-8.90896
LAGNANL_1_N005,33.494801255243225,-117.70317361583761,-8.90896
LAGNANL_1_N006,33.49498074466377,-117.70317361606071,-8.90896
LAGUBELL_6_N001,33.975996097823064,-118.14794,-9.1135
LAGUBELL_6_N210,33.97591495107552,-118.14799649540468,-9.1135
LAGUNATP_6_N001,36.748942999986895,-121.60530194075191,12.67942
LAGUNITS_6_N001,36.748942999986895,-121.60541405924809,37.57932
LAJOLLA_6_N001,32.840121999988746,-117.27517670850455,-8.81044
LAJOLLA_6_N007,32.840121999988746,-117.27528329149546,-8.81044
LAKEVIEW_6_N101,35.093678,-119.10139,-10.23039
LAKEVIEW_7_N002,35.094169439987525,-119.10097282025002,-10.23039
LAKEVLLE_1_N001,38.25150499998603,-122.58063457802776,11.24985
LAKEVLLE_1_N028,38.25150499998603,-122.58074942197224,11.24985
LAKEWOOD_1_N001,37.909008286572075,-122.05701271293042,14.59746
LAKEWOOD_1_N003,37.90892999994441,-122.05695542598274,14.59746
LAKEWOOD_1_N004,37.90885171340006,-122.05701271305232,14.59746
LAKEWOOD_1_N006,37.90885171340006,-122.05712728694768,14.59746
LAKEWOOD_1_N007,37.90892999994441,-122.05718457401727,14.59746
LAKEWOOD_1_N009,37.909008286572075,-122.05712728706959,14.59746
LAMBIE_2_N010,38.24129880476015,-121.85488516179335,9.37803
LAMMERS_1_N001,37.71301203998621,-121.47801334000889,9.37631
LAMMERS_1_N004,37.71301203998621,-121.47812765999112,9.37631
LAMONT_1_N001,35.296667999987505,-118.86162984910735,-10.21249
LAMONT_1_N002,35.296667999987505,-118.86174015089266,-10.21249
LANCSTR_6_N002,34.700364,-118.145694,-9.33687
LANCSTR_6_N030,34.700363999950625,-118.14558402054884,-9.33687
LANPRI_6_N001,34.6907,-118.2286,-9.33712
LAPLMG1_7_N001,35.29516599994997,-119.59192469860037,-10.2176
LAPLMG2_7_N001,35.2950123151544,-119.59200269352937,-10.2176
LAPLMG3_7_N001,35.29502827228419,-119.59221488028864,-10.2176
LAPLMG4_7_N001,35.29517901313358,-119.59232639423358,-10.2176
LARKIN12_7_LN001,37.78374425828556,-122.41688,25.57927
LARKIN12_7_LN002,37.78366287084234,-122.41682054500156,25.57927
LARKIN12_7_LN003,37.78366287084234,-122.41693945499844,25.57927
LASPALMS_1_N001,36.8,-119.69,-2.70636
LASPLGS_6_N001,33.31293877396291,-117.466996,36.66863
LASPLGS_6_N004,37.4629,-122.22787,36.66863
LASPULGS_6_N001,33.31285811300611,-117.46694027366007,-8.88656
LASPULGS_6_N009,33.31285811300611,-117.46705172633993,-8.88656
LASSEN_6_N001,40.29727611652984,-121.017222,6.23072
LASSEN_LNODE69LDT2,40.29719494171887,-121.01728344786935,13.53783
LAURELES_6_N001,36.47781599998705,-121.7268922619553,37.58295
LAWRENCE_1_N001,37.397207,-122.010126,33.40914
LAWRENCE_1_N003,37.39720699994556,-122.01001226428907,33.40914
LAWRENCE_1_N004,37.39711664332103,-122.010126,33.40914
LBEACH2G_7_N002,33.81887301302021,-118.22276026528898,-9.10833
LCIENEGA_6_N001,34.000751,-118.378408,-9.10415
LEBECCT1_7_N100,34.860298459987625,-118.87914364154324,-9.18476
LEBECCT4_7_N001,34.860298459987625,-118.87925375845677,-9.18476
LEBEC_6_N001,34.918641639950344,-118.92630095535362,-10.22633
LEGRAND_1_N001,37.184411999986544,-120.27340638043835,12.0
LEMOORE_6_N002,36.30998799998711,-119.79822042969916,-8.62266
LEMOORE_6_N101,36.30998799998711,-119.79833157030085,-8.62266
LEPRINO_1_N001,37.74847431877933,-121.41570281391134,9.35376
LEPRINO_6_N001,36.30394418,-119.7910893,-8.62272
LEPRNOFD_1_N001,37.75612622998619,-121.41677160846817,-7.21968
LERDO_1_N001,35.50010399998744,-119.15188082156193,-10.21268
LERDO_1_N004,35.50010399998744,-119.15199117843807,-10.21268
LEWISTON_7_N001,40.71097396998468,-122.8083782557821,6.13643
LIDSUB_6_N002,37.7929,-121.25468,9.32764
LILAC_6_N001,33.25331275588066,-117.085857,-8.8233
LILAC_6_N010,33.25323212204728,-117.08580133044258,-8.8233
LIMESTNE_6_N001,38.63377399998596,-120.97960448884528,8.95718
LINCLN_1_N001,38.900649968978726,-121.2943206,8.89604
LINCLN_1_N002,38.900569285495344,-121.29426074339143,8.89604
LINCLN_1_N003,38.900569285495344,-121.29438045660856,8.89604
LINDEN_6_N101,38.016891,-121.095875,7.69636
LIPTON_6_N001,37.96812171,-121.2686307,7.93473
LITEHIPE_6_N001,33.880337222508835,-118.17514521979062,-9.10956
LITEHIPE_6_N008,33.8803531892646,-118.17535395009901,-9.10956
LITTLERK_6_N001,34.61574431803345,-117.96799894292494,-9.33989
LITTLESH_LNODELD1,41.70174123,-122.3696599,12.60746
LIVEOAK_7_N004,39.27706530086978,-121.66044040216873,6.95282
LIVEOAK_7_N005,39.27706530086978,-121.66056059783126,6.95282
LIVERMRE_6_N001,37.68013099998621,-121.78059286544908,19.04088
LIVERMRE_6_N003,37.68013099998621,-121.78070713455092,19.04088
LIVNGSTN_6_N001,37.363379203022006,-120.760425,5.63703
LKHODG1_7_N001,33.05882516998864,-117.1191503852145,-8.83191
LKHODG2_7_N001,33.05882516998864,-117.1192572147855,-8.83191
LLAGAS_1_N001,37.006958040367174,-121.557391,46.04442
LLAGAS_1_N003,37.00687697980194,-121.55733239433584,46.04442
LLAGAS_1_N005,37.00687697980194,-121.55744960566416,46.04442
LMBIGENT_2_N003,38.24129880476015,-121.85511483820666,9.37791
LMBIGENT_2_N004,38.241479195127894,-121.8551148384916,9.37791
LMEC1_1_LN001,38.02990999998608,-121.87238265430828,14.86677
LMEC1_1_LN002,38.02990999998608,-121.87249734569171,14.86677
LMEC1_1_N001,38.030625,-121.896783,14.86677
LMEC1_1_N101,38.03062499994427,-121.89666830800388,14.86677
LMEC1_1_N601,38.0305346591732,-121.89666830814532,14.86677
LMEC1_1_N801,38.03047077865233,-121.89674940756281,14.86677
LMECCT1_7_N001,38.0304867914731,-121.89697004046927,14.86677
LMECCT2_7_N001,38.03063805852326,-121.89708599331652,14.86677
LMECST1_7_N001,38.03081089924409,-121.89703337694175,14.86677
LMPC-CTY_1_N001,34.6,-120.39,-10.06932
LNGBATGN_7_CN3,34.87463734866425,-117.06458087304199,-10.85376
LOCKFORD_7_N001,38.11750173998603,-121.16091171996122,7.74534
LOCKFORD_7_N002,38.11750173998603,-121.16102648003877,7.74534
LOCKHD1_1_N001,37.409054,-122.03213,31.78562
LOCKHD1_1_N025,37.409444439986395,-122.03160981895633,31.78562
LOCKHD1_1_N026,37.409444439986395,-122.03172358104366,31.78562
LOCKHD2_1_N001,37.416224,-122.030655,32.23604
LOCKHD2_1_N004,37.416039999986346,-122.0307831119047,32.23604
LOCKHD2_1_N005,37.416039999986346,-122.0308968880953,32.23604
LODICITY_6_N001,38.14609999998607,-121.29970261003638,30.5
LODICTG_7_N001,38.08821999998609,-121.38773263075427,9.13163
LODISTG_7_N001,38.08821999998609,-121.38784736924572,9.13163
LODI_6_N001,38.13725762,-121.2611817,27.09701
LOGANCR_2_N001,39.53955399998549,-122.26277291112409,7.10592
LOGANCR_2_N010,39.53955399998549,-122.26288908887592,7.10592
LONESTAR_1_N001,37.511676999986356,-122.20756301431467,25.76383
LONESTR_6_N001,37.01724322,-122.1997043,38.46532
LONETREE_2_N001,37.94596225998609,-121.7592030935301,13.25816
LONETREE_2_N014,37.94596225998609,-121.7593177064699,13.25816
LOR-BOR_6_N001,35.12346799998752,-118.3795938744299,-9.4465
LOSALTS_6_N004,37.3939352129738,-122.114735,38.46428
LOSALTS_6_N005,37.393853893498445,-122.11467590496156,38.46428
LOSALTS_6_N101,37.393853893498445,-122.11479409503845,38.46428
LOSCCHS_6_N001,32.859853544801766,-116.89915639902401,24.16612
LOSCOCHS_6_N001,32.85967445510792,-116.89915639923925,-8.79545
LOSCOCHS_6_N034,32.85967445510792,-116.89936960076076,-8.79545
LOSCOCHS_6_N050,32.859853544801766,-116.89936960097599,-8.79545
LOSGATS_6_N002,37.226423999986494,-121.97722832893687,38.46508
LOSGATS_6_N201,37.226423999986494,-121.97734167106313,38.46508
LOSOSTS_6_N001,36.29386399998714,-121.20001444426723,24.16643
LOSOSTS_6_N005,36.29386399998714,-121.20012555573277,24.16643
LOUISE_6_N001,37.80828999998619,-121.28789277304821,9.32702
LOUISE_6_N002,37.80828999998619,-121.28800722695179,9.32702
LOVELAND_6_N001,32.796957,-116.792258,-8.79563
LOWGAP_7_N001,40.4327289999849,-123.47220368717633,6.07236
LOYALTON_LNODETY,39.6680639999855,-120.24305624345052,-3.43473
LOYOLA_6_N001,37.360660999986344,-122.09993417231678,38.46182
LOYOLA_6_N004,37.360660999986344,-122.10004782768323,38.46182
LPFBSP_6_N001,40.805696069984606,-124.19312956142899,6.01386
LPFBSP_6_N003,40.805696069984606,-124.19324903857101,6.01386
LPFLKBD_6_N001,40.90531287003298,-124.07263517372719,4.38104
LPSAMOA_7_N001,40.81999999998456,-124.18466224807065,4.38197
LSGLLNS_1_N001,38.022339207228725,-122.537978,11.61504
LSGLLNS_1_N002,38.0222578963706,-122.53791840805536,11.61504
LSGLLNS_1_N003,38.0222578963706,-122.53803759194464,11.61504
LSMOLNO_6_N001,40.0343042,-122.0961261,5.99253
LSNAPCC_6_N001,39.48083299998553,-121.5622800238927,6.94544
LSPSTAS_2_N001,37.700982436898656,-121.73360569835381,17.55313
LSPSTAS_2_N002,37.70080156299109,-121.73360569863272,17.55313
LSPSTAS_2_N010,37.70080156299109,-121.7338343013673,17.55313
LSPSTAS_2_N011,37.700982436898656,-121.73383430164618,17.55313
LSTHLLS_6_N001,35.785755,-119.866138,-10.38409
LTHRNECK_1_N001,34.244997,-116.097688,-8.86652
LUCERNE_1_N001,39.110189,-122.81298,2.10031
LUCERNE_1_N004,39.11,-122.81,2.10031
LUCERNE_LNODELD,41.60361,-122.5225,12.73226
LUIS#3_1_N001,36.65,-120.73,-1.44376
LUIS#5_1_N001,36.72,-120.75,-1.44389
LVNGSTN_7_N002,37.36329789847426,-120.76036593987695,0.45563
LYOTH-SP_6_N001,37.721862,-121.390858,9.32831
LYTNVLLE_6_N001,39.684962,-123.476979,0.68948
MABURY_1_N001,37.36089599998639,-121.86395517205479,35.8537
MABURY_6_N001,37.36089599998639,-121.86406882794522,40.37604
MACDOEL_LNODE20,41.83166999998427,-122.00465973878569,12.66519
MACDOEL_LNODE45,41.83166999998427,-122.00478026121432,12.66519
MADERA_6_N001,36.92341899520925,-120.05546,-1.62651
MADERA_6_N004,36.92333800238109,-120.0554015075286,-1.62651
MADERA_6_N014,36.92333800238109,-120.05551849247139,-1.62651
MADISON_1_N001,38.67077606834178,-121.96902265870808,9.38874
MADISON_1_N002,38.67059643154549,-121.96902265899675,9.38874
MADISON_1_N201,38.67059643154549,-121.96925274100325,9.38874
MADISON_LNODE1,38.67077606834178,-121.96925274129191,9.03209
MAGUNDEN_1_N002,35.362158999949884,-118.92356668154515,-10.21052
MAGUNDN_7_N003,35.36224896582562,-118.923677,-10.21052
MAINE-PR_6_N001,38.385820999985995,-121.77582145519017,9.39009
MALAGA_1_N001,36.69415479048744,-119.72474601890697,-3.27699
MALAGA_1_N004,36.69397520940774,-119.72474601916853,-3.27699
MALAGA_1_N005,36.69397520940774,-119.72496998083147,-3.27699
MALAGA_1_N206,36.69415479048744,-119.72496998109303,-3.27699
MANCHSTR_1_N001,36.78803392229639,-119.787488,-2.50081
MANCHSTR_1_N002,36.787953038837564,-119.78742968988867,-2.50081
MANCHSTR_1_N005,36.787953038837564,-119.78754631011132,-2.50081
MANDLY1G_7_N002,34.207498198093205,-119.249016,-9.13809
MANDLY2G_7_N002,34.20741690094034,-119.2489592448821,-9.13809
MANDLY3G_7_N001,34.20741690094034,-119.2490727551179,-9.13809
MANTECA_1_N001,37.80151542742815,-121.22356755493873,9.2663
MANTECA_1_N002,37.80133457246114,-121.22356755521895,9.2663
MANTECA_1_N012,37.80133457246114,-121.22379644478104,9.2663
MANTECA_1_N013,37.80151542742815,-121.22379644506127,9.2663
MANVILLE_1_N001,34.53,-120.43,-10.07061
MARASCHI_1_N007,33.925822999988064,-116.98759669491432,-8.98532
MARASCHI_1_N008,33.925822999988064,-116.98770530508568,-8.98532
MARBLE_6_N001,39.756979,-120.370813,-8.97
MARGARTA_1_N001,33.55007578845692,-117.62798626281774,-8.9092
MARGARTA_1_N002,33.54989621144975,-117.62798626304166,-8.9092
MARGARTA_1_N008,33.54989621144975,-117.62820173695833,-8.9092
MARGARTA_1_N009,33.55007578845692,-117.62820173718225,-8.9092
MARICOPA_6_N001,35.107547,-119.398151,-10.24804
MARIPOS2_6_N001,37.50445799998627,-120.00773602136582,-0.07855
MARIPOS2_6_N003,37.50445799998627,-120.00784997863418,-0.07855
MARTELL_6_N001,38.369191999986,-120.79669245138386,7.69396
MARTINC_1_LN001,37.70315322,-122.4100259,25.48622
MARTINC_1_N715,37.70315321994476,-122.40991159502157,25.48622
MARTINEZ_1_N001,38.02,-122.16,14.32723
MATHEW_6_N001,37.36308950618645,-121.94580757661163,29.82018
MATHEW_6_N002,37.36308950618645,-121.94592123738838,29.82018
MAXWELL_6_N001,39.276849999985735,-122.15338217101461,7.12462
MAXWELL_6_N002,39.276849999985735,-122.15349782898538,7.12462
MCARTHR_6_N001,41.05270199998445,-121.40878106361407,5.99338
MCCALL_1_N026,36.61141783540495,-119.639697,-3.34926
MCCALL_1_N030,36.61133708228342,-119.63963891745578,-3.34926
MCDISLE_6_N001,37.93693288402067,-121.52832945017714,7.25249
MCFRLND_6_N001,35.688444,-119.276835,-10.21936
MCFRLND_6_N005,35.688562,-119.2768536,-10.21936
MCKEE_1_N001,37.366407204044364,-121.843789,37.11529
MCKEE_1_N005,37.36632589796316,-121.84372993637959,37.11529
MCKEE_1_N101,37.36632589796316,-121.84384806362041,37.11529
MCKTTRCK_6_N002,35.29667268,-119.6264732,-10.24435
MCMULLN1_2_N001,36.592774999986986,-119.98900913200528,-2.12008
MCSP_6_B1,38.37381143,-120.9575949,7.68793
MDLRIVR_6_N001,37.93693288402067,-121.52844854982285,7.24099
MDWYPS_6_N001,35.402824999987416,-119.45497183549746,-10.24441
MECCTG1_7_N100,37.239909741275135,-121.77988662517618,49.10412
MECCTG2_7_N100,37.2400902586168,-121.78011337509535,49.10412
MEDWLNE_1_N001,37.963141225082815,-122.052361,14.68922
MEDWLNE_1_N002,37.963059887443606,-122.05230143651556,14.68922
MEDWLNE_1_N006,37.963059887443606,-122.05242056348443,14.68922
MELROSE_6_N001,33.206548572782346,-117.25290847235439,-8.86702
MELROSE_6_N004,33.206470999954156,-117.25285494480366,-8.86702
MELROSE_6_N005,33.20639342719472,-117.25290847244926,-8.86702
MELROSE_6_N009,33.20639342719472,-117.25301552755073,-8.86702
MENLO_6_N001,37.4330313740754,-122.20260718789906,26.09381
MENLO_6_N002,37.43285062581547,-122.2026071881739,26.09381
MENLO_6_N003,37.43285062581547,-122.2028348118261,26.09381
MENLO_6_N004,37.4330313740754,-122.20283481210093,26.09381
MERCEDFL_7_N001,37.27291118626306,-120.48680827325609,-0.03577
MERCED_1_N001,37.27275481370981,-120.48680827337391,20.0
MERCED_1_N002,37.27275481370981,-120.48692172662608,0.45213
MERIDIAN_6_N101,37.225299,-121.744182,7.1093
MESACAL_6_N001,34.03750812767229,-118.109265,-9.14116
MESAHGTS_6_LN001,32.82957476998875,-117.1572094131357,-8.81278
MESAHGTS_6_N001,32.829628731503114,-117.157263,-8.81327
MESAHGTS_6_N007,32.82954813423625,-117.15720762268285,-8.81327
MESAPGE_2_LN001,35.008542999987604,-120.45319710203701,-10.12321
MESARIM_6_N001,32.90489828995473,-117.17294705491136,-8.80933
MESARIM_6_N007,32.90480875361772,-117.1730537,-8.80933
MESARIM_6_N008,32.90489828995473,-117.17316034508863,-8.80933
MESARIM_6_N012,32.904987826382325,-117.1730537,-8.80933
METCALF_1_N018,37.22435199998651,-121.74197733145253,46.03587
METTLER_6_N001,38.078067,-121.2867,21.84132
MI-WUK_1_N001,38.052745,-120.217268,-4.84924
MIDDLTWN_6_N002,38.7527889999859,-122.60852945612646,-1.93442
MIDDLTWN_6_N101,38.7527889999859,-122.60864454387354,-1.93442
MIDWAY_1_N085,35.40411,-119.4531,-10.24509
MILLBRAE_1_N001,37.605189,-122.391045,24.67401
MILLBRAE_1_N004,37.60518899994505,-122.39093085578821,24.67401
MILLBRAE_1_N201,37.60518899994505,-122.3911591442118,24.67401
MILLBRAE_6_N001,37.6052794289691,-122.391045,24.85567
MILLER_1_N001,37.81,-121.1,9.34482
MILPITAS_1_N001,37.415395,-121.888564,34.14954
MILPITAS_1_N003,37.41539499994551,-121.8884502251851,34.14954
MILPITAS_1_N005,37.41530463419468,-121.888564,34.14954
MILPITAS_1_N006,37.41539499994551,-121.88867777481491,34.14954
MIRABEL_6_N001,38.489406,-122.894261,12.67462
MIRALOMA_6_N001,34.00428099995215,-117.5650672101335,-9.03529
MIRAMAR_6_N001,32.893993,-117.135636,-8.80952
MIRAMAR_6_N004,32.89399299995472,-117.13552936600023,-8.80952
MIRAMAR_6_N017,32.89390346190348,-117.135636,-8.80952
MIRASNTO_6_N001,32.89263799998867,-117.20585868367998,-8.82453
MIRASNTO_6_N002,32.89263799998867,-117.20596531632002,-8.82453
MISSION_6_N001,32.784191999954906,-117.13741946348074,-8.8145
MISSION_6_N002,37.395067928926814,-121.980225789,29.54976
MISSION_6_N003,37.39498660892182,-121.98016669268357,29.54976
MISSION_6_N004,37.39498660892182,-121.98028488531642,29.54976
MISSION_6_N031,32.784102432995425,-117.137419463588,-8.8145
MISSION_6_N040,32.78403909963224,-117.13749479622959,-8.8145
MISSION_6_N049,32.78402395366435,-117.13759979827648,-8.8145
MISSION_6_N050,32.78405497532175,-117.13769974052362,-8.8145
MISSION_6_N051,32.784120298199866,-117.13777262994303,-8.8145
MISSION_6_N052,32.78420494674158,-117.13780744816847,-8.8145
MISSION_6_N053,32.78429437993416,-117.13780162777863,-8.8145
MISSION_6_N054,32.78437630697717,-117.13775857312064,-8.8145
MISSION_6_N055,32.78444148293951,-117.1376854976022,-8.8145
MISSION_6_N056,32.78448388657849,-117.13759165657059,-8.8145
MISSION_6_N057,32.78450052951836,-117.1374869750709,-8.8145
MISSIX_7_N006,37.777445158841985,-122.4138888,25.48696
MISSIX_7_N007,37.77736377056407,-122.41382934945827,25.48696
MISSIX_7_N008,37.77736377056407,-122.41394825054174,25.48696
MNDCTP_6_N001,39.251247,-123.196582,-1.44568
MOCCASIN_1_N009,37.80945,-120.2992944,14.74059
MOCO_6_N001,35.09081798998752,-119.40707661961468,-10.24792
MOFTFLD_1_N002,37.41,-122.04,31.78526
MOLINO_6_N002,38.42527299998595,-122.83215753598292,12.67714
MOLINO_6_N101,38.42527299998595,-122.83227246401708,12.67714
MONARCH_6_N001,37.96936628,-121.2802524,7.93627
MONDAVI_6_N001,38.15265177,-121.2454453,27.09714
MONOLITH_6_N029,34.92999999998754,-118.4199449189089,-9.44398
MONOLITH_6_N101,34.92999999998754,-118.4200550810911,-9.44398
MONROE_1_N001,38.45321800700051,-122.743668,11.48506
MONROE_1_N002,38.45313699648462,-122.74360827529611,11.48518
MONROE_1_N101,38.45313699648462,-122.74372772470389,11.48518
MONSRATE_6_N001,33.32908099998846,-117.23541536188321,-8.84524
MONSRATE_6_N007,33.32908099998846,-117.23552263811678,-8.84524
MONTAGUE_1_N001,37.40375521599691,-121.905675,30.09514
MONTAGUE_1_N006,37.403673891986756,-121.90561589392182,30.09514
MONTAGUE_1_N007,37.403673891986756,-121.90573410607819,30.09514
MONTCLLO_1_N008,38.48,-122.32,11.57755
MONTEREY_6_N001,36.59997083032819,-121.890341,37.56985
MONTEREY_6_N004,36.599890084821844,-121.8902829315514,37.56985
MONTEREY_6_NLD2,36.599890084821844,-121.8903990684486,37.56985
MONTERO_6_N001,38.47145299998595,-123.01207452586034,12.67523
MONTERO_6_N004,38.47145299998595,-123.01218947413966,12.67523
MONTGMRY_6_N001,32.631633999988686,-117.09951777952129,-8.79237
MONTGMRY_6_N002,32.631633999988686,-117.0996242204787,-8.79237
MOORPARK_2_LN001,34.28090422152374,-118.9034,-9.11855
MOORPARK_6_N001,34.28245799998789,-118.90073231455499,-9.11855
MOORPARK_6_N008,34.280822889225014,-118.90345682919472,-9.11855
MORAGA_1_N001,37.848008,-122.160732,13.86648
MORGAN_1_N001,37.12745917114046,-121.65871690356438,-10.2457
MORMON_6_N001,37.968746,-121.185898,7.93977
MOROHILL_6_N001,33.252187,-117.300305,-8.86647
MORROBY_1_N001,35.373004,-120.855187,-10.08673
MOSSLD_1_N001,36.804150842399494,-121.78373687034716,37.56511
MOSSLND6_7_ND001,36.80399515757413,-121.78384912953872,-3.91944
MOSSLND7_7_ND001,36.804150842399494,-121.78384912965284,-3.91944
MOTT_LNODE,41.262727,-122.270475,13.49793
MPLECRK_6_N001,40.767881,-123.87365,4.59533
MREIS-Q_1_N001,38.12,-122.33,11.62359
MREISQ_1_N007,38.08527778,-122.2572222,11.62359
MRGNHIL_1_N001,37.12727882875214,-121.65871690383386,46.04165
MRGNHIL_1_N004,37.12727882875214,-121.65894309616613,46.04165
MRGNHIL_1_N007,37.12745917114046,-121.65894309643562,46.04165
MRTSVAL_LNODE32,39.329538,-120.170031,-3.4346
MRYSVLLE_6_N001,39.13944599998575,-121.58327227419691,7.08599
MRYSVLLE_6_N003,39.13944599998575,-121.58338772580308,7.08599
MSHR60V_6_N001,38.02156120748372,-121.280952,9.16458
MSHR60V_6_N006,38.021479896243086,-121.28089240840777,9.16458
MSHR60V_6_N014,38.021479896243086,-121.28101159159225,9.16458
MSSION_6_N069,32.78445725656559,-117.13728237663,-8.8145
MTEDEN_1_N001,37.63264525976642,-122.10124,22.34541
MTEDEN_1_N005,37.632563870101905,-122.10118066447778,22.34541
MTEDEN_1_N009,37.632563870101905,-122.10129933552223,22.34541
MTNGATE_6_N001,40.73707229,-122.3226353,5.91777
MTNHOUSE_LNODE1KV,37.79428,-121.55964,7.18926
MTNPASS_1_N001,35.508179,-115.53125,-8.72887
MTNQUAR_6_N001,38.914515,-121.015694,8.94617
MTVIEW_1_N001,34.07927114678052,-117.240376,33.22347
MTVIEW_1_N004,34.079189926596804,-117.24031938460595,33.22347
MTVIEW_1_N005,34.079189926596804,-117.24043261539406,33.22347
MURRAY_6_N001,32.79087756459772,-117.0229334582287,-8.8048
MURRAY_6_N004,32.790698435312095,-117.02293345844329,-8.8048
MURRAY_6_N005,32.790698435312095,-117.02314654155671,-8.8048
MURRAY_6_N015,32.79087756459772,-117.0231465417713,-8.8048
MUSLSLGH_6_N001,36.264507,-119.907357,-8.62469
MUSTANG_6_N001,36.233512,-119.916993,-10.09725
NAJ_6_N003,37.3852798303,-121.956589844,29.62977
NAPA_6_N002,38.295440220696214,-122.27852173277134,9.38498
NAPA_6_N004,38.29525991919176,-122.27875146694323,9.38498
NAPA_6_N005,38.295440220696214,-122.27875146722866,9.38498
NARROWS1_7_N001,33.13712344927391,-116.2943780565384,8.84793
NARROWS_6_N010,33.137302550634665,-116.29459194367982,-8.84525
NATNLCTY_6_N001,32.67305199998863,-117.10726576866911,-8.80579
NATNLCTY_6_N005,32.67305199998863,-117.10737223133088,-8.80579
NAVSTMTR_6_N001,32.67041199998878,-117.11463876940559,-8.80536
NAVSTMTR_6_N011,32.67041199998878,-117.11474523059441,-8.80536
NAVY35R_1_N001,35.29,-119.45,-10.21821
NAVYLAB_6_N101,36.58956249,-121.8638052,37.56893
NBRANCH_6_N001,38.199837,-120.719506,7.69451
NCMETER_1_N001,33.089572,-117.203236,-8.8292
NCPA1GY1_7_N001,38.329999999986036,-122.63005744213352,11.24505
NCPA1GY2_7_N001,38.33999999998601,-122.64005744453604,11.24524
NCPA2GY1_7_N001,38.34999999998599,-122.65005744690819,13.02041
NCPA2GY2_7_N001,38.329999999986036,-122.68005744213352,13.02047
NDUBLIN_2_N002,37.86,-121.88,16.82941
NDUNSMUI_LNODE7,41.2207989999844,-122.27643096616978,13.45463
NDUNSMUI_LNODE9,41.2207989999844,-122.27655103383022,13.45463
NEENACH_6_N001,34.312325230055876,-118.481634,-9.21244
NEWARKD_1_N001,37.50049924095103,-121.987091,25.8423
NEWARKD_1_N012,37.500417879509776,-121.98703179018516,25.8423
NEWBURG_6_N001,40.59455299998477,-124.13512748525541,4.14807
NEWBURG_6_N003,40.59455299998477,-124.13524651474458,4.14807
NEWELL_LNODE90,41.888139999984205,-121.37832971620207,12.15598
NEWHALL_1_N001,36.86718099998678,-120.32825478878492,-20.34441
NEWHALL_1_N002,36.86718099998678,-120.32836721121508,-20.34441
NEWHOPE_6_N001,38.22560899,-121.4738136,21.40075
NEWMAN_6_B2,37.31543099998646,-121.01505122358405,9.3513
NEWMAN_6_N001,37.31543099998646,-121.01516477641594,9.3513
NOISLMTR_6_N004,32.70244776093939,-117.182166,-8.80388
NOISLMTR_6_N009,32.702367119518385,-117.18211067144682,-8.80388
NORCO_1_N001,35.28535,-119.308893,-10.24257
NORD1_1_N001,39.759998999985385,-121.90689363690683,6.26584
NORD1_1_N003,39.759998999985385,-121.90701036309318,6.26584
NORTECH_1_N001,37.46,-121.76,29.01171
NORTECH_1_N008,37.42059067,-121.9599814,29.01171
NORTHCTY_6_N004,32.958672179988696,-117.22057304820974,-8.82564
NORTHCTY_6_N010,32.958672179988696,-117.22067975179026,-8.82564
NORTHOAK_6_N003,35.96341049994922,-119.4569070444173,-9.11412
NORTHOAK_6_N004,35.96350005472762,-119.4567964,-9.11412
NORTHOAK_6_N005,37.36329789847426,-120.76048406012305,-9.11412
NORTHWES_6_N001,37.402627146454066,-121.965268597,29.82036
NORTHWES_6_N002,37.40254582295827,-121.96520949218542,29.82036
NORTHWES_7_N005,37.40254582295827,-121.96532770181457,29.82036
NOTRDAME_1_N001,39.73042313,-121.7959489,6.26492
NOVATO_6_N001,38.10860199998601,-122.56828762317217,11.61368
NOVATO_6_N002,38.10860199998601,-122.56840237682783,11.61368
NRRW2TP1_6_N002,39.23513,-121.26873,8.85107
NRTHGRUM_6_N001,37.3798095,-122.0221402,26.09455
NRTHTWR_1_N001,38.06609732006694,-122.19555927864403,14.0575
NRTHTWR_1_N002,38.06591667982153,-122.19555927892729,14.0575
NRTHTWR_1_N004,38.06591667982153,-122.19578872107272,14.0575
NRTHTWR_1_N010,38.06609732006694,-122.19578872135597,14.0575
NTPTRL_6_N001,35.60555844317911,-119.70838226292514,-10.38341
NUMITAP_1_N003,37.5,-122.04,28.44825
NUTGLADE_LNODE,41.178254,-122.290711,13.41472
NVYSCHL_6_N001,36.59909,-121.877082,37.56948
NWKDIST_2_N001,37.47999999998637,-121.97994304564625,22.9687
NWKDIST_2_N004,37.47999999998637,-121.98005695435374,22.9687
NWKDIST_2_N017,37.96361862509118,-121.29067763049022,22.9687
OAKC12_7_N002,37.79751331310943,-122.28096478011268,13.87552
OAKC12_7_N008,37.79792,-122.28214,13.87552
OAKC12_7_N009,37.79791999994464,-122.28202555970451,13.87552
OAKC12_7_N010,37.79782957188064,-122.28214,13.87552
OAKHURST_1_N001,37.32379499998641,-119.63394921398016,-1.97809
OAKHURST_1_N002,37.32379499998641,-119.63406278601984,-1.97809
OAKLAND_1_N001,37.79743499994459,-122.28090756034669,13.87534
OAKLAND_1_N006,37.797356686862834,-122.280964780234,13.87534
OAKLAND_1_N033,37.797356686862834,-122.28107921976599,13.87534
OAKLND3_7_N002,37.79801042811939,-122.28214,13.87534
OAKPARK_6_N001,37.9804348,-121.2985813,7.93565
OASISSC_6_N201,34.64702307142311,-118.09484039241912,-9.33515
OCEANO_1_N001,35.10177099998753,-120.58099587832989,-10.06724
OCEANO_1_N004,35.10177099998753,-120.5811061216701,-10.06724
OCEANSDE_6_N001,33.19681799998853,-117.381743480479,-8.86444
OCEANSDE_6_N002,33.19681799998853,-117.381850519521,-8.86444
OIGLASS_1_N001,37.75,-121.31,9.37637
OILDALE_1_N001,35.42,-118.98,-10.21212
OILFLDS_6_N001,35.95646873409211,-120.85121,24.15406
OILFLDS_6_N007,35.95638813294024,-120.8511525112428,24.15406
OLDRIVR_6_N001,35.20849410372945,-119.1001417218785,-10.21772
OLDRIVR_7_N014,35.208313896170594,-119.10014172212325,-10.21772
OLDTOWN_6_N001,32.7660027462676,-117.19242257725324,-8.81456
OLDTOWN_6_N002,32.7660027462676,-117.19263562274676,-8.81456
OLDTOWN_6_N003,32.766181893642255,-117.19263562296113,-8.81456
OLEMA_6_N001,38.042497,-122.786541,11.61879
OLETA_6_N001,38.48064499998599,-120.84462852385393,8.95933
OLETA_6_N003,38.48064499998599,-120.84474347614606,8.95933
OLINDA_6_N001,33.94616008273055,-117.922244,-9.07286
OLIVHRST_1_N001,39.0918869999858,-121.54288430472884,8.95361
OLIVHRST_1_N002,39.0918869999858,-121.54299969527116,8.95361
OMAR1G_7_LN001,35.45209688511312,-118.98525465740043,-9.23082
OMAR2G_7_LN001,35.4519171147865,-118.98525465764695,-9.23082
OMAR3G_7_LN001,35.4519171147865,-118.98547534235306,-9.23082
OMAR4G_7_LN001,35.45209688511312,-118.98547534259957,-9.23082
OMAR_2_N001,35.475983864148716,-118.98698399999999,-9.23082
OMWD_6_N001,33.06847863998861,-117.14145762144337,-8.83111
ONEILPMP_7_LN001,37.098611,-121.0475,6.55938
ORACLE60_6_N001,37.53059,-122.26675,25.04042
OREGNTRL_1_N001,40.61902099998471,-122.32226045686366,5.91715
OREGNTRL_6_N001,40.61902099998471,-122.32237954313634,5.94014
ORICK_6_N001,41.294542,-124.056522,4.37723
ORLANDB_6_N001,39.725157705247604,-122.17875636615656,6.75213
ORLNDB_7_N002,39.725157705247604,-122.17898963384343,6.75213
ORMONAUX_6_B1,34.12977206841636,-119.16894,-9.1183
OROLOMA_1_N005,36.886701431129765,-120.6549823,-35.0
OROLOMA_6_N001,36.886866,-120.655928,2.05781
OROSI_6_N006,36.54475899998702,-119.25172018759284,-3.21061
OROSI_7_N002,36.54475899998702,-119.25183181240716,-3.21061
OROVILLE_6_N001,39.50524442035656,-121.5593758990519,6.94519
OROVILLE_6_N005,39.50524442035656,-121.5596081009481,6.94519
OROVILLE_6_N102,39.50542357952801,-121.55960810124742,6.94519
ORTIGAGN_7_N002,36.98327542373002,-120.81940487471157,5.38001
OSOAP_7_N001,34.810278,-118.72,-9.1807
OSOAP_7_N002,34.81027799995045,-118.71988992080949,-9.1807
OSOAP_7_N003,34.81018761978131,-118.71988992093021,-9.1807
OSOAP_7_N004,34.81012371139613,-118.71996775861193,-9.1807
OSOBP_7_N001,34.81010842791115,-118.72007625228628,-9.18082
OSOBP_7_N002,34.81013973121604,-118.72017951791273,-9.18082
OSOBP_7_N003,34.810205647172396,-118.72025483113883,-9.18082
OSOBP_7_N004,34.81029106426119,-118.72029080720088,-9.18082
OTAYMGT1_7_N001,32.5739058,-116.9135773,-8.78204
OTAYMGT2_7_N001,32.57381612394513,-116.9135773,-8.78204
OTAY_6_N001,32.595287,-117.057627,-8.7925
OTAY_6_N014,32.595286999955015,-117.05752057571618,-8.7925
OTTER_6_N001,36.47781599998705,-121.7270037380447,37.58295
OXFORD_1_N001,36.7,-120.68,-1.44493
P0504GT1_7_CN1,37.96379937479765,-121.2906776307724,-1.88645
P0504GT1_7_N001,37.05268767219292,-121.0218314945833,-1.88645
P0504GT2_7_N001,37.05286788770013,-121.02205730568483,-1.88645
PA99MWQ1_7_LN001,33.019524468639815,-116.83804277748884,-8.84586
PA99MWQ2_7_LN001,33.019703531269194,-116.83804277770571,-8.84586
PACFCBCH_6_N001,32.799218999988646,-117.24014772581532,-8.81241
PACFCBCH_6_N004,32.799218999988646,-117.24025427418468,-8.81241
PACIFICA_6_N001,37.59458399998625,-122.48892793722666,25.13088
PACIFICA_6_N003,37.59458399998625,-122.48904206277334,25.13088
PACIPIP_6_N001,34.91873196360952,-118.9261908,-10.22707
PACLUMB_7_N001,40.481388999984816,-124.10438462405541,4.15498
PADUA_6_N001,34.120216,-117.639076,-9.03461
PALA_7_N002,33.355939989953846,-117.11198857166295,-8.84586
PALMDALE_6_N001,34.566078,-118.059876,-9.32851
PALMRCT1_7_N001,33.1209591099544,-117.11668368116077,-8.83111
PALMRCT2_7_N001,33.1209591099544,-117.11689751883924,-8.83111
PALMR_1_N001,34.825223,-120.298953,-10.07584
PALM_6_N001,37.39449633988632,-121.957516242084,29.72184
PALM_6_N002,37.39449633988632,-121.957629971916,29.72184
PALOMAR_1_N001,33.12281772819047,-117.287925,-8.85305
PALOMAR_1_N004,33.1227371358924,-117.28786944194597,-8.85305
PALOMAR_1_N013,33.1227371358924,-117.28798055805403,-8.85305
PANAMA_6_N001,35.29556801570901,-119.021525,-10.2088
PANOBS2_7_N002,36.85865211527268,-120.45867279982099,-2.2491
PANOBS3_7_N002,36.85872999994707,-120.45884140047256,-2.2491
PANOCHE_1_N024,36.65353226724663,-120.58162405926382,-1.88621
PANOCHE_2_N055,36.65353226724663,-120.58173594073618,-2.24922
PANOCHE_7_N001,36.65360999994769,-120.58179188158532,-2.24922
PANRAMA_1_N001,40.434409,-122.2679,6.07143
PARADISE_1_N001,39.761504,-121.618634,6.26461
PARADISE_1_N004,39.76064152,-121.6188711,6.26461
PARADISE_LNODEDISE,39.76150399994158,-121.6185172697882,-7.72758
PARADISX_6_N001,39.761414267918745,-121.618634,-8.79071
PARDSE_7_N002,39.76159373208136,-121.618634,-8.79071
PARKR_6_N009,37.363350019212106,-121.947534931,29.8203
PARKR_6_N010,37.3632687146792,-121.9474758709107,29.8203
PARKR_6_N011,37.3632687146792,-121.9475939910893,29.8203
PARKWAY_2_N001,38.17,-122.25,9.38258
PARLIER1_1_N001,36.6076452,-119.5211598,-3.21529
PAR_LNODEAPM,37.668079999986205,-120.9174128750731,9.13555
PAR_LNODEFVM,37.668079999986205,-120.9175271249269,9.13555
PATRICKS_LNODE49,41.88139,-123.86472,12.50233
PAULSWT_1_N001,36.99234705413821,-121.98202825128297,37.57213
PAULSWT_1_N004,36.9921669457552,-121.98202825154998,37.57213
PAULSWT_1_N101,36.99234705413821,-121.98225374871703,37.57213
PCHCOPP_6_N001,37.06225,-121.18039,6.56105
PEABODY_2_N002,38.285677158894416,-121.97019513777842,9.39071
PEABODY_2_N006,38.28549684099352,-121.97019513806376,9.39071
PEACHTON_6_N001,39.3784769999856,-121.68494608007006,6.79635
PEACHTON_6_N004,39.3784769999856,-121.68506191992994,6.79635
PEARBMAP_7_B1,34.508883999950896,-117.91829825412502,-9.24534
PEARBMAP_7_B3,34.50879356514072,-117.9182982542441,-9.24534
PEARBMAP_7_B4,34.50872961811796,-117.91837585623696,-9.24534
PEARBMBP_7_B1,34.50871432539329,-117.91848402139897,-9.24534
PEARBMBP_7_B3,34.50874564762435,-117.91858697434263,-9.24534
PEARBMBP_7_B4,34.5088116034329,-117.91866205952238,-9.24534
PEARBMCP_7_B1,34.50889707216307,-117.91869792664747,-9.24534
PEARBMCP_7_B3,34.50898737191128,-117.91869193094361,-9.24534
PEARBMDP_7_B1,34.50907009278566,-117.91864757930026,-9.24534
PEASE_1_N001,39.1701925392649,-121.66108150610306,7.1732
PEASE_1_N009,39.17001346062112,-121.66108150639715,7.1732
PEASE_7_N002,39.1701925392649,-121.66131249389694,7.17326
PENDLETN_6_N001,33.30925299998849,-117.3349783807102,-8.86321
PENDLETN_6_N004,33.30925299998849,-117.3350856192898,-8.86321
PENNGRVE_1_N001,38.315547,-122.681119,12.75764
PENRYN_6_N001,38.8444299999859,-121.16613942513398,8.94882
PENRYN_6_N004,38.8444299999859,-121.16625457486602,8.94882
PEORIA_7_N001,37.90361110998615,-120.49744271590015,8.9211
PEORIA_7_N002,37.90361110998615,-120.49755728409986,8.9211
PEREZ_LNODED1,41.63306,-121.22639,12.15598
PERMNNTE_6_N002,34.355793,-116.855947,38.45973
PERRY_6_N001,35.57080511,-121.0558675,-10.13224
PERRY_6_N008,35.570805,-121.055868,-10.13224
PETLMAA_6_N001,38.234002,-122.636285,11.24973
PETLMAC_6_N002,38.2390641182539,-122.636804,11.25385
PETLMAC_6_N003,38.23898294085798,-122.63674432895719,11.25385
PETLMAC_6_N004,38.23898294085798,-122.6368636710428,11.25385
PFARMS_6_LN001,35.662673,-119.88478,-10.39141
PHILLIPS_1_N001,37.34,-122.03,33.94923
PHILO_6_N001,39.063719,-123.437524,-3.39079
PICO_1_N001,33.45676299998844,-117.58919323286267,-8.91
PICO_1_N004,33.45676299998844,-117.58930076713733,-8.91
PIERCY_1_N201,37.28,-121.83,42.16167
PIKECTY_6_N001,39.438734,-120.997847,8.84775
PIT1_6_N001,38.030670659249246,-121.86908630802888,5.99338
PIT3_7_N001,38.030606778782065,-121.8691674075287,5.56263
PIT5_7_B1,38.030591501969816,-121.86928044765509,5.56238
PITSBRG_2_N058,38.03798999998602,-121.89493265087242,15.06283
PITSBURG_1_N001,38.03101263810665,-121.86937270758541,14.8667
PITTES1_2_N007,38.03798999998602,-121.89504734912758,14.8667
PITTSBRG_6_N101,38.031055408073875,-121.8692716827705,12.08322
PIUTE_6_N001,34.691137,-117.968753,-9.33933
PLACERVL_1_N001,38.73027886166341,-120.788047,8.95718
PLACER_1_N001,38.901310999985846,-121.08802340262966,8.94789
PLACER_7_N009,38.901310999985846,-121.08813859737035,8.94556
PLAINFLD_6_N001,38.61887,-121.793976,9.39427
PLAINFLD_6_N003,38.61934234,-121.7942525,9.39427
PLOALTO_1_N001,33.35586235233513,-117.11204223587934,26.27449
PLOALTO_1_N007,33.35586235233513,-117.11214956412066,26.27449
PLOALTO_1_N013,33.355939989953846,-117.11220322833705,26.27449
PLSNTGR_1_N001,38.82227075999728,-121.306575,8.93186
PLSNTGR_1_N005,38.82219002998611,-121.30651517485526,8.93186
PLSNTGR_1_N009,38.82219002998611,-121.30663482514473,8.93186
PLSNTVLY_6_N001,36.307531,-120.251631,-9.9893
PLUMAS_6_LN001,39.02629828,-121.5430647,8.88662
PLUMAS_6_N001,39.026121,-121.54308,8.88662
PMTFMPP_1_N001,37.9868115699861,-122.0404367263777,-56.0
PNEDLE_1_N001,36.829999999986725,-119.82994383698444,-2.09725
PNEDLE_1_N002,36.829999999986725,-119.83005616301556,-2.09713
PNEDLE_1_N009,38.65444444,-121.4483333,-2.09713
PNEGRVE_6_N001,38.41271199998601,-120.6602245387678,7.68824
PNEGRVE_6_N002,38.41271199998601,-120.6603394612322,7.68824
PNTARNA_6_N001,38.912571,-123.679495,-3.37997
POINTLMA_6_N013,32.741557583654846,-117.23325749458253,-8.81265
POINTLMA_6_N014,32.74137841625509,-117.23325749479669,-8.81265
POINTLMA_6_N027,32.741557583654846,-117.23347050541746,-8.81265
POLPASPP_6_N002,38.57552299994369,-121.49770299452835,-10.38329
POMERADO_6_N001,32.941482719314884,-117.032882,-8.81446
POMERADO_6_N004,32.9414021403303,-117.03282656531631,-8.81446
POMERADO_6_N008,32.9414021403303,-117.03293743468369,-8.81446
PORTOLA_LNODE31,39.803943999985336,-120.46453157749829,-3.4346
PORTOLA_LNODE32,39.803943999985336,-120.46464842250171,-3.4346
POSOMT_1_N001,35.55919399998747,-118.95744581153178,-10.21108
POSOMT_1_N005,35.55919399998747,-118.95755618846822,-10.21108
POST_1_N001,39.11,-121.64,8.75147
POTRERO_1_N001,37.46,-122.4,25.57577
POTRERO_1_N013,37.459999999945396,-122.3998861318849,25.57577
POTRERO_1_N016,37.45990961397913,-122.4,25.57577
POTRERO_1_N049,37.459999999945396,-122.4001138681151,25.57577
POTTRVLY_7_N001,39.36158213274746,-123.1289081,-1.22267
POWAY_6_N001,32.978722999988655,-117.03130363648788,-8.82016
POWAY_6_N010,32.978722999988655,-117.03141036351212,-8.82016
PPSTLTAP_1_N001,38.01999999998606,-122.36994265860079,13.87343
PPSTLTAP_1_N104,38.01999999998606,-122.3700573413992,13.87343
PRAXAIR_1_B1,37.99999999998611,-121.80994266753221,14.86615
PRAXAIR_LNODEPM,37.99999999998611,-121.81005733246779,7.67557
PRCTRV1_7_N002,32.66504374998879,-116.98674797088407,-8.79822
PRCTRVLY_1_N001,32.66504374998879,-116.98685442911594,-8.79822
PRTCSTA_6_N001,38.03725907,-122.1780218,13.96556
PRUNEDLE_1_N001,36.785518920972784,-121.671051,37.56714
PRUNEDLE_1_N002,36.785438039499425,-121.67099269323379,37.56714
PSARBLS_6_N001,35.61564884893555,-120.67989,-10.08246
PSARBLS_6_N005,35.61556807551859,-120.67983263488163,-10.08246
PSARBLS_6_N007,35.61556807551859,-120.67994736511837,-10.08246
PSEUDO1B_1_N002,37.70306278305818,-122.4100259,25.48653
PSEUDO1_1_N001,37.70315321994476,-122.41014020497842,25.48653
PSEUDO4_1_N001,37.7032436569418,-122.4100259,25.48629
PSP33A_7_N102,34.07740789995194,-117.20168394753776,-8.9895
PSP33B_7_N102,34.07725384506231,-117.20176098862068,-8.9895
PSP44A_7_N102,34.077335656756425,-117.20204512279159,-8.98944
PSP44B_7_N102,34.077511052999995,-117.20207477824573,-8.98944
PSQUINCY_6_N001,39.93480997744781,-120.88417999495674,6.22223
PSTCKTN_6_LN001,37.949994,-121.346315,7.92846
PTHLGEN_7_N001,38.28549684099352,-121.97042486193625,9.39071
PTMRTTI_6_N001,37.030856,-122.187639,38.4652
PTRRO230_2_LD1CN,37.46009038602093,-122.4,26.2633
PTTRVLY_6_N001,39.36150154861083,-123.12896827547551,-1.22267
PUEBLOPG_1_N001,38.345348999986,-122.29956355419145,12.76771
PUEBLOPG_1_N010,38.345348999986,-122.29967844580855,12.76771
PUEBLOPG_1_NLD3,38.34472222,-122.2994444,12.76771
PURIFY_6_LN001,34.7881,-118.1665,-9.33392
PURISIMA_1_N001,34.700622,-120.435261,-10.07129
PUTCR_7_N001,38.52308412835564,-121.99439442898434,9.38806
PUTHCRK_1_N011,38.52290423153208,-121.99462437072829,9.38794
Q045CTG1_7_N001,37.63564731751685,-122.13369490177641,21.65788
Q045CTG2_7_N001,37.63549068245554,-122.13369490189677,21.65788
Q067STG1_7_N001,37.635568999944944,-122.1338661963268,21.65782
Q159AC1_7_N002,32.72142912222234,-116.26214933481018,-8.73169
Q442GEN_7_N011,32.681235,-115.646258,-8.61849
Q477_7_ND002,39.60787599998552,-121.76850316905504,6.40755
Q510_7_N010,32.66449999998866,-115.6739532289676,-8.61916
Q643G_6_N002,40.124410019985106,-122.19622121940881,5.96546
Q643X_2_NM01,36.59011053998702,-120.40289386486458,-2.22501
QUARTZHL_6_N001,34.659714,-118.228267,-9.337
QUEBEC_1_N001,36.07,-119.56,-10.21566
RADUM_6_N001,37.67264599998626,-121.85946487140774,18.68216
RADUM_6_N004,37.67264599998626,-121.85957912859226,18.68216
RAINBOW_1_N001,36.709983,-119.538157,-3.20744
RALSTON_6_N001,37.51135212317967,-122.3402601,36.66451
RALSTON_6_N002,37.51127075839538,-122.3402008791436,36.66451
RANCHRS_1_N001,36.700797999986875,-119.75437400116115,-3.27681
RANDSBRG_1_N001,35.37567201391602,-117.65592532493676,-10.71571
RAWSON_6_N001,40.145295999985066,-122.21242808907787,6.01663
RAWSON_6_N002,40.145295999985066,-122.21254591092213,6.01663
RAYCHEM_6_N001,37.48020651,-122.1650806,26.00162
RCARMEL_6_N001,32.99378371822819,-117.077745,-8.81801
RCARMEL_6_N004,32.9937031408736,-117.07768953360795,-8.81801
RCARMEL_6_N011,32.9937031408736,-117.07780046639205,-8.81801
RDBLFPP_6_N001,40.145204,-122.199414,6.01669
RECTOR_6_N001,36.29851,-119.242336,-9.23125
RECTOR_7_ND002,36.30463455962947,-119.24455043458264,-9.23125
REDBLFF_6_N001,40.1825869024183,-122.244610070096,5.99136
REDBLFF_6_N004,40.1825869024183,-122.24484592990399,5.99136
REDBLFF_6_N005,40.18276709746204,-122.24484593021722,5.99136
REDBUD_1_N001,39.02788699998577,-122.66224734180834,-0.26995
REDBUD_1_N004,39.02788699998577,-122.66236265819167,-0.26995
REDMAN_6_N001,34.76259623959073,-117.96856,-9.33958
REDWOOD_6_N001,37.490252,-122.213021,25.76851
REDWOOD_6_N002,37.49025199994532,-122.2129070707913,25.76851
REDWOOD_6_N005,37.49016160208324,-122.213021,25.76851
REDWOOD_6_N006,37.49025199994532,-122.21313492920869,25.76851
REDWOOD_6_N007,37.49034239791678,-122.213021,25.76851
REEDLEY_1_N001,36.605116999986976,-119.3758071174397,-3.22326
REEDLEY_6_N001,36.605116999986976,-119.3759188825603,-3.21504
RENFRO_1_N001,35.409999999987434,-119.16994483454441,-10.24312
RENFRO_1_N010,35.409999999987434,-119.1700551654556,-10.24275
RICE_6_N002,39.402805999985674,-122.01287205646442,6.75004
RICE_6_N101,39.402805999985674,-122.01298794353558,6.75004
RICHGEN_7_N001,37.937868166151496,-122.390718695286,13.87491
RICHMOND_1_B1,37.92597623462323,-122.369629,13.87485
RICHMOND_1_N001,37.92589488267337,-122.36956945615904,13.87491
RINCON_1_N001,33.285967608914305,-116.9585228047856,11.5786
RINCON_1_N003,33.28578839099371,-116.95852280500573,11.5786
RINCON_6_N001,33.28578839099371,-116.95873719499427,-8.8185
RINCON_6_N008,33.285967608914305,-116.9587371952144,-8.8185
RIOBRVO_1_N001,35.44252289360183,-119.26010566010629,-10.2422
RIOBRVO_1_N006,35.44234310629778,-119.26010566035274,-10.2422
RIOBRVTM_1_N001,35.44252289360183,-119.26032633989371,-10.24398
RIODELL_6_N001,40.49543619975173,-124.099276,4.16254
RIODELL_6_N005,40.495354900107756,-124.09921427624421,4.16254
RIODELL_6_N009,40.495354900107756,-124.09933772375578,4.16254
RIOHONDO_6_N001,34.10610615849042,-117.97947,-9.18291
RIPON_1_N001,37.719972869016964,-121.12994059215839,9.21994
RIPON_1_N008,37.719972869016964,-121.1300594078416,9.21994
RITEAID_6_N001,34.721,-118.1788,-9.33921
RITTER_6_N001,34.702244,-118.17505,-9.33294
RIVERROC_6_N001,36.902618,-119.771768,-2.13063
RIVERVEW_1_N003,38.01478999998606,-121.7904786608926,12.08328
RIVRBANK_1_N001,37.76895425952452,-120.908163,8.25575
RIVRSIDE_6_N001,34.021864017940324,-117.33187712454752,-8.9944
RMSNVJO_1_LN001,33.526249299988294,-117.59875905776511,-4.62
RMSNVJO_1_LN002,33.526249299988294,-117.5988667422349,-4.62
ROADWAY_1_N001,34.590373,-117.431752,-14.01409
ROADWAY_1_N010,34.590368215933175,-117.4315568451805,-14.01416
ROBROY_1_N001,36.979885,-121.867457,37.57114
ROCKAIR_6_N001,34.610248,-118.073278,-9.3282
ROCKET_1_N001,34.933939,-117.692217,-11.19145
ROCKLIN_6_N001,38.788043999985874,-121.23171544490323,8.9329
ROCKLIN_6_N003,38.788043999985874,-121.23183055509676,8.9329
ROGH-RDY_6_N001,37.95526599998612,-121.33253531114549,7.92846
ROSAMOND_6_N001,34.864472999987555,-118.23726994007113,-9.35342
ROSECYN_6_N001,32.84459772910598,-117.236988,-8.81075
ROSECYN_6_N017,32.84451713543481,-117.23693261581597,-8.81075
ROSEDAL_1_N001,35.37703397144563,-119.077971,-10.21409
ROSE_6_N001,32.84451713543481,-117.23704338418403,-10.22953
ROSSMOOR_2_N001,37.86470199998613,-122.08030973806707,13.41212
ROSSMOOR_2_N101,37.86470199998613,-122.08042426193292,13.41212
RSNTAFE_6_N009,33.014260999988664,-117.19850361461707,-8.82994
RSNTAFE_6_N016,33.014260999988664,-117.19861038538293,-8.82994
RSVTNRD_6_N001,36.624374,-121.68835,37.58111
RTRACK_1_N001,37.979737,-120.414515,8.92559
RUSSRCH_6_N001,40.819848,-123.826638,4.59244
RVRBANK_1_N001,37.76887287022286,-120.90810355553742,7.8708
RVRBANK_1_N005,37.76887287022286,-120.90822244446258,7.8708
SAFEWAY_1_N001,37.71,-121.4,9.37533
SALINAS_1_N001,36.683239999986945,-121.65120502290527,37.5768
SALINAS_1_N024,36.683239999986945,-121.65131697709472,37.5768
SALTCREK_6_N002,32.61928199998905,-116.94927678247507,-8.79533
SALTCREK_6_N006,32.61928199998905,-116.94938321752493,-8.79533
SALTSPRG_7_N001,38.49793437,-120.2179285,7.66634
SAMPSON_7_N006,32.694340118329364,-117.14239467397606,-8.80505
SAMPSON_7_N007,32.694340118329364,-117.14250532602394,-8.80505
SANARDO_6_N001,36.073766,-120.936804,24.15966
SANBRDNO_6_N001,34.07767515953707,-117.20154375190678,-8.98944
SANBRDNO_6_N008,34.07746514073634,-117.20134902490193,-8.98944
SANCRLS_6_N001,37.49972924078839,-122.243974,25.58715
SANCRLS_6_N002,37.499647879591045,-122.24391479097326,25.58715
SANCRLS_6_N004,37.499647879591045,-122.24403320902674,25.58715
SANDCRK_6_N001,36.64502999998689,-119.15920293037858,-3.21086
SANDLOT_2_N023,34.93533299998761,-118.14485891734107,-12.62317
SANDLOT_2_N025,34.93533299998761,-118.14496908265893,-12.62397
SANGER_1_N001,36.707048059604304,-119.61075579620064,-3.20854
SANGER_1_N009,36.707048059604304,-119.61087220379937,-3.20854
SANJOQN_6_N001,36.62106483974649,-120.17811,-2.58727
SANJOQN_6_N006,36.620984080112606,-120.17805190550351,-2.58727
SANLUIS2_7_N001,37.06907687796754,-121.07683105236173,7.67856
SANLUIS2_7_N002,37.06901315215404,-121.07691091843046,7.67856
SANLUIS4_7_N001,37.069094853841584,-121.07720547182996,7.67856
SANLUIS4_7_N002,37.06918002691161,-121.07724238542458,7.67856
SANLUIS6_7_N001,37.06941802889171,-121.07711309608193,7.67856
SANLUIS6_7_N002,37.06946069530844,-121.0770136077536,7.67856
SANLUIS8_7_N001,37.06943390023774,-121.07668571549864,7.67856
SANLUIS8_7_N002,37.06937882103536,-121.0765963165007,7.67856
SANLUSRY_6_N013,36.77962699998679,-120.72995490173179,-8.8696
SANLUSRY_6_N014,36.77962699998679,-120.73006709826822,-8.8696
SANLUSRY_6_N043,33.211532759954174,-117.3343739362571,-8.8696
SANLUSRY_6_N044,33.21144318463678,-117.33437393636667,-8.8696
SANLUSRY_6_N045,33.21137984536439,-117.33444964181051,-8.8696
SANLUSRY_6_N046,33.2113646979829,-117.33455516348411,-8.8696
SANLUSRY_6_N047,33.21139572253334,-117.3346556003193,-8.8696
SANLUSRY_6_N048,33.21146105150503,-117.33472885045208,-8.8696
SANLUSRY_6_N049,33.21154570794446,-117.33476384098854,-8.8696
SANLUSRY_6_N050,33.21163514948262,-117.33475799179958,-8.8696
SANLUSRY_6_N101,33.2117170841721,-117.33471472407717,-8.8696
SANLUSRY_6_N201,33.211782266218165,-117.33464128692498,-8.8696
SANMATEO_1_N001,37.58333525489619,-122.319035,-8.90969
SANMATEO_1_N001A,37.58325387253711,-122.31897570912398,24.22045
SANMATEO_1_N009,33.409472,-117.590641,-8.90969
SANMATO_6_N001,37.58325387253711,-122.31909429087602,24.40119
SANMIGL_6_N001,35.75191999998732,-120.68410776485527,-10.08068
SANMIG_6_N016,35.75191999998732,-120.68421823514473,-10.08068
SANMRCOS_6_N001,33.128774149954396,-117.19716886934026,-8.85244
SANMRCOS_6_N007,33.12868460147681,-117.19716886944933,-8.85244
SANMRCOS_6_N011,33.128621281182845,-117.19724448078941,-8.85244
SANMRCOS_6_N013,33.128637153594866,-117.19745018328726,-8.85244
SANPBLO_1_N001,37.984803,-122.336618,13.87362
SANRAFL_1_N001,37.970858222937125,-122.527065,11.61553
SANRAFL_1_N006,37.97077688851645,-122.52700543261207,11.61553
SANRAFL_1_N007,37.97077688851645,-122.52712456738792,11.61553
SANRAMON_2_N001,37.745125434987564,-121.93600563263105,14.59285
SANRAMON_2_N004,37.74494456490202,-121.93600563291054,14.59285
SANRAMON_2_N023,37.74494456490202,-121.93623436708945,14.59285
SANRAMON_2_N024,37.745125434987564,-121.93623436736895,14.59285
SANTARO_1_N001,33.78461699446498,-116.41025972078828,-8.84477
SANTARO_1_N014,33.78443700544048,-116.41025972101585,-8.84477
SANTARO_1_N017,33.78443700544048,-116.41047627898415,-8.84477
SANTARO_1_N021,33.78461699446498,-116.41047627921172,-8.84477
SANTEE_1_N001,32.85461954601577,-116.96823740386814,-8.79662
SANTEE_1_N004,32.854440453893844,-116.96823740408333,-8.79662
SANTEE_7_N001,32.854440453893844,-116.96845059591668,-8.79662
SANTIAGO_6_LN001,33.66518193221154,-117.767521,-8.97363
SANTIAGO_6_LN002,33.665101033881534,-117.76746488187135,-8.97363
SANTYSBL_6_1N001,33.11049298,-116.6711035,-8.81038
SANYSDRO_6_N001,32.562237999988916,-117.02641779453799,-8.79176
SANYSDRO_6_N004,32.562237999988916,-117.02652420546201,-8.79176
SARATOGA_2_N001,37.28099617234283,-122.014883,44.59642
SARATOGA_2_N006,37.28091491381397,-122.0148240379766,44.59642
SARATOGA_2_N011,37.28091491381397,-122.0149419620234,44.59642
SAUGUS_6_N001,34.4222099999511,-118.5721663854507,-9.12051
SAUSALTO_6_N001,37.86340599998612,-122.49836873883264,11.62162
SAUSALTO_6_N002,37.86340599998612,-122.49848326116737,11.62162
SAXONCRK_6_N001,37.59363146,-119.9857789,-0.07855
SCHINDLR_1_N005,36.40229075794473,-120.138272,-9.98634
SCHLNDLR_7_N001,36.40221012101372,-120.1383298425005,-9.98739
SCHMLBCH_1_N001,38.3,-121.87,9.39587
SCLARA_2_LN001,34.3007956214976,-119.18541359496857,-9.13809
SCLARA_6_N001,34.30071643113003,-119.18559878537813,-9.13809
SCRIPPS_6_N001,32.91119872129761,-117.112589,-8.81302
SCRIPPS_6_N008,32.91111813933897,-117.11253358224198,-8.81302
SCRIPPS_6_N013,32.91111813933897,-117.112644417758,-8.81302
SCWAX_1_N001,36.700797999986875,-119.75448599883885,-3.27681
SDUNES_LNODED1,41.20124399998437,-122.2763497761522,12.07135
SDUNSMUI_LNODE,41.20124399998437,-122.27646982384779,13.4368
SEARLES_7_N001,35.756720789835555,-117.380556,-11.22133
SEBASTIA_6_N001,38.13829665,-121.3878033,9.16125
SEFTAP_6_N003,36.41712,-121.31671,37.5709
SEMITRPC_1_N001,35.600398,-119.437498,-10.21019
SERRA_6_N001,37.327215618586415,-121.99615626906825,29.81802
SERRA_7_N004,37.327215618586415,-121.99626984893175,29.81802
SERRMNTE_1_N011,37.69183743685224,-122.4558182874899,25.48825
SESWTF_1_N001,36.7779,-119.67419,-2.70107
SFIA-MA_1_N001,37.63904926020716,-122.385896,24.85678
SFIA_1_N001,37.63896786988162,-122.38583665888167,24.85506
SFIA_1_N007,37.63896786988162,-122.38595534111833,24.85506
SFPPCNC_6_N001,38.03243728,-122.0736663,13.96611
SHADOWR_1_N001,33.14157655179735,-117.23868604972319,-8.82877
SHADOWR_1_N006,33.14139744811125,-117.23868604994146,-8.82877
SHADOWR_1_N008,33.14139744811125,-117.23889995005852,-8.82877
SHADYGLN_6_N001,39.115058,-120.95331,8.92766
SHAFTER_1_N010,37.492384999986285,-122.13839203327613,-10.24269
SHAFTER_7_N022,39.77608299994151,-122.10394676937125,-10.24269
SHARON_1_N001,37.097275,-120.156454,-0.72713
SHASTINA_LNODELD1,41.548666,-122.364174,12.64821
SHAWROAD_1_N001,37.55,-122.42,24.76281
SHELL1_7_N001,38.031697320166,-121.94561320702243,14.3273
SHELL2_7_N001,38.031516639722625,-121.94561320730533,14.32723
SHELL3_7_N001,38.031516639722625,-121.94584259269467,14.32736
SHEPHERD_1_N003,36.82684,-119.61,-2.38813
SHLLCHM_6_N001,38.031697320166,-121.94584259297757,12.08322
SHNGLESR_1_N001,38.65969989665331,-120.946938,8.95687
SHNGLESR_1_N004,38.659619051658225,-120.94687822587784,8.95687
SHNGLESR_1_N103,38.659619051658225,-120.94699777412217,8.95687
SHOTGUNC_LNODE,41.053889,-122.381667,13.41472
SHREDDER_1_N001,37.511676999986356,-122.20767698568532,25.76383
SHUTTLE_6_N001,34.643495430225066,-118.1634220817816,-9.33577
SIERABRK_LNODE19,39.646142,-120.217943,-3.43473
SIERAPC_6_N001,40.86435367,-124.1554555,4.3816
SILVERDO_1_N001,38.49950299998593,-122.45908751973128,11.57595
SILVERDO_1_N002,38.49950299998593,-122.45920248026871,11.57595
SISQUOC_1_N001,34.87826099998756,-120.33120693531723,-10.07689
SISQUOC_1_N020,34.87826099998756,-120.33131706468278,-10.07689
SJNO2_6_N001,37.29143609998645,-119.52944584856736,-2.12344
SLA_2_N001,37.41603416601835,-122.20510952387725,38.37621
SLA_2_N004,37.41585343387257,-122.20510952415181,38.37621
SLA_6_N001,37.41585343387257,-122.20533707584819,26.09381
SLA_6_N005,37.41603416601835,-122.20533707612275,26.09381
SLMNCRK_6_N001,38.343592,-123.044809,12.67284
SMRTVLTP_6_N101,39.207939,-121.301476,8.85144
SMTRPCWS_1_N001,35.59,-119.44,-10.21019
SMUDGEO1_2_N006,38.75226,-122.71969,11.24413
SMYRGEN_7_B1,35.717831584724635,-119.4552778,-10.21339
SMYRNA1_1_N005,35.717750877624105,-119.45522040856834,-10.21339
SNANDRES_6_N001,37.603294,-122.420424,24.94712
SNBENITO_1_N001,36.86783,-121.56391,37.56856
SNBRNOT_6_N001,37.62095504,-122.4250948,25.03851
SNBRNRD_6_N001,35.09242099998756,-118.87818588008072,-10.23144
SNBRNRD_6_NLD2,35.09242099998756,-118.87829611991928,-10.23144
SNJOSEB_1_N001,37.34102432531631,-121.9009493888098,36.76217
SNJOSEB_1_N005,37.34084367457506,-121.9009493890831,36.76217
SNJOSEB_1_N009,37.34084367457506,-121.9011766109169,36.76217
SNJOSEB_1_N013,37.34102432531631,-121.9011766111902,36.76217
SNJSEA_1_N001,37.328246190599145,-121.902531,37.66399
SNJSEA_1_N005,37.32816490468582,-121.90247198103432,37.66399
SNJSEA_1_N101,37.32816490468582,-121.90259001896567,37.66399
SNLNDRO_1_N001,37.711237436769906,-122.14880668270004,13.88167
SNLNDRO_1_N014,37.71105656311971,-122.14880668297907,13.88167
SNLNDRO_1_N017,37.71105656311971,-122.14903531702092,13.88167
SNLNDRO_1_N027,37.711237436769906,-122.14903531729996,13.88167
SNLSOB_7_N001,35.261832749987526,-120.63480195364221,-10.07939
SNLSOB_7_N002,35.261832749987526,-120.63491224635779,-10.07939
SNLSPP_2_N023,37.06930719158489,-121.07652777238619,7.67838
SNTAMRA_1_N001,33.1287024629922,-117.19752334236787,-10.07695
SNTAMRA_1_N005,33.12878709406593,-117.1975582894093,-10.07695
SNTANLA_6_N001,37.08597899998663,-121.01321650454071,6.14606
SNTANLA_6_N004,37.08597899998663,-121.01332949545929,6.14606
SNTARSA_1_N001,38.43676811353789,-122.71319526700344,11.42666
SNTARSA_1_N002,38.43676811353789,-122.71342513299655,11.42666
SNTARSA_1_N006,38.43694816634972,-122.7134251332832,11.42666
SNTARTA_6_N001,37.055061,-120.634086,3.9861
SNTAYNZ_1_N001,34.625273999987726,-120.11813905143147,-10.07166
SNTAYNZ_1_N002,34.625273999987726,-120.11824894856854,-10.07166
SNTHLNE_6_N001,37.6223639999863,-122.44717791303894,25.12947
SNTHLNE_6_N002,37.6223639999863,-122.44729208696106,25.12947
SOBRANTE_1_N001,37.90594,-122.208144,13.87116
SOLBGEN_7_N002,36.720745456174654,-120.4579000215881,-20.89243
SOLEDAD_1_LN001,36.42956722600307,-121.331901,37.57065
SOLEDAD_1_N018,36.42948657698447,-121.33184312850868,37.57065
SOLEDAD_6_N001,36.42948657698447,-121.33195887149131,37.5709
SONGSL_7_N001,33.371418,-117.557337,-8.91951
SONOFRE_2_N067,33.369728,-117.55433,-8.91951
SONOMA_1_N002,38.276388889985974,-122.46188697135591,12.43972
SONOMA_1_N007,38.276388889985974,-122.46200182864409,12.43972
SOUTHBAS_1_N001,34.881503,-117.892023,-11.1973
SOUTHBY_6_N001,38.575612901218726,-121.497588,9.45062
SPANSHCK_6_N001,40.026139,-120.961748,6.25631
SPAUL1-2_7_N001,39.32438938,-120.644793,8.80932
SPENCE_6_N001,36.613590999986975,-121.56672310737689,37.58726
SPENCE_6_N009,36.613590999986975,-121.5668348926231,37.58726
SPI-QUCY_7_N001,39.94083299998525,-120.8754973854901,6.22229
SPICAMIN_1_N001,38.739925711802805,-120.6771159,8.95632
SPILINCF_7_N001,38.903332999985885,-121.30883140177836,8.89597
SPRINGVL_6_N001,36.10586253074472,-118.93516918490357,-9.22891
SPRNGVLY_6_N001,32.73903399998875,-117.00264674817954,-8.79028
SPRNGVLY_6_N010,32.73903399998875,-117.00275325182045,-8.79028
SRI_6_N001,37.45534597,-122.1782535,26.09233
SRRCSUB_2_N001,37.78238218,-121.9676923,22.51662
STAFFORD_6_N002,38.12003299998604,-122.61362861905879,11.61393
STAFFORD_6_N101,38.12003299998604,-122.6137433809412,11.61393
STAGG_2_N001,37.99164936143144,-121.34848834268168,9.15633
STAGG_2_N014,37.99146863845723,-121.34848834296415,9.15633
STAGG_6_N001,37.99146863845723,-121.34871765703586,9.15676
STAGG_6_N003,37.99164936143144,-121.34871765731833,9.15676
STAMPEDE_LNODE19,39.46748199998557,-120.10518300964912,-3.43466
STANFRD_6_N013,37.42736589,-122.1750729,36.67828
STANFRD_6_N015,37.427365889945456,-122.17495909977812,36.67828
STANFRD_6_N016,37.427275518463446,-122.1750729,36.67828
STANFRD_6_N025,37.427365889945456,-122.17518670022189,36.67828
STANFRD_6_N026,37.427456261536555,-122.1750729,36.67828
STANISLS_1_N001,38.14,-120.37,9.03749
STATIN-L_7_N001,37.8103032554717,-122.271443,13.87522
STATIND_1_N001,37.837585251800924,-122.263503,13.87411
STATIND_1_N010,37.83750387408463,-122.26344350874284,13.87411
STATIND_1_N013,37.83750387408463,-122.26356249125715,13.87411
STATIND_1_N033,37.83751,-122.26355,13.87411
STATINJ_1_N001,37.76334825993251,-122.214444,13.89035
STATINJ_1_N012,37.763266870018874,-122.21438455959633,13.89035
STATINJ_1_N027,37.763266870018874,-122.21450344040367,13.89035
STATINL_1_N001,37.81022187224923,-122.27138352670688,13.87515
STATINX_1_N001,37.80554442667025,-122.23091354965457,13.8746
STATINX_1_N012,37.805363573219,-122.23091354993484,13.8746
STATINX_1_N014,37.805363573219,-122.23114245006515,13.8746
STATINX_1_N024,37.80554442667025,-122.23114245034543,13.8746
STCKTNAR_6_N001,37.963279,-121.323476,7.92858
STCRUZ_LNODECXA,37.62755999998621,-120.97504290860819,8.67141
STCRUZ_LNODEWLS,37.62755999998621,-120.97515709139182,8.67141
STDOIL_1_N009,37.94,-122.38,13.87349
STELLING_1_N001,37.3360521934471,-122.042805,38.4604
STELLING_1_N004,37.33597090326187,-122.04274597179945,38.4604
STELLING_1_N007,37.33597090326187,-122.04286402820055,38.4604
STF_LNODEDAX,37.69055999998624,-121.02097285725026,8.84789
STF_LNODEIPN,37.69055999998624,-121.02108714274974,8.84789
STKTNWW_6_N001,37.9376445,-121.3283805,7.92919
STKTONA_1_LN001,37.94726,-121.28881,7.74694
STKTONA_1_N001,37.94722338217881,-121.28911838573319,7.7478
STKTONA_1_N003,37.947042617710025,-121.28911838601516,7.7478
STKTONA_6_N001,37.947042617710025,-121.28934761398483,7.93381
STKTONA_6_N004,37.94722338217881,-121.2893476142668,7.93381
STLLWATR_6_N001,40.677845,-122.34971,5.91599
STOCKDLE_1_N001,35.316494,-119.068293,-10.2128
STOCKDLE_1_N010,35.316493999949955,-119.06818269315228,-10.2128
STOCKDL_2_N001,35.31640399278849,-119.068293,-10.21465
STOCKDL_2_N002,35.316493999949955,-119.06840330684773,-10.21465
STOCKDL_2_N101,35.31658400721152,-119.068293,-10.21465
STONCRRL_6_N001,36.472251999987044,-119.18811326795893,-3.20581
STONCRRL_6_N003,36.472251999987044,-119.18822473204106,-3.20581
STONE_1_N001,37.303708999986505,-121.86757223713448,40.36823
STONE_1_N005,37.303708999986505,-121.8676857628655,40.36823
STONYPT_1_N001,38.42,-122.78,13.05486
STOREY1_2_N001,36.98288702744317,-120.033746,-1.32988
STOREY1_2_N011,36.98322057595251,-120.03373952494303,-1.32988
STOREY2_2_N001,36.98280598626407,-120.03380457310557,-1.32154
STREAMVW_6_N001,32.745604999988714,-117.07864474591278,-8.80487
STREAMVW_6_N007,32.745604999988714,-117.07875125408721,-8.80487
STROUD_6_N001,36.53084093919961,-120.10432801442617,-2.59761
STUART_6_N001,33.256701,-117.416547,-8.87161
SUISUN_1_N001,38.24526219208727,-122.04122215940386,9.39618
SUISUN_1_N008,38.24508180780079,-122.04122215968883,9.39618
SUISUN_1_N009,38.24508180780079,-122.04145184031117,9.39618
SUMIDEN_6_N001,37.97842034,-121.2761124,7.93565
SUMMIT_6_N001,39.319203,-120.378897,8.81301
SUNOL_6_N001,37.586891,-121.869379,21.65222
SUNRSE3S_7_N002,35.210181,-119.582697,-10.2176
SUNYSIDE_6_N0016,32.65801507,-117.0302879,-8.79336
SURF_1_N009,34.61,-120.22,-10.07332
SUTTRHM1_6_N001,39.052565,-121.691874,9.16138
SWEETWTR_6_N017,32.65811799998879,-117.0916867727539,-8.80677
SWEETWTR_6_N018,32.65811799998879,-117.0917932272461,-8.80677
SWIFT_1_N001,37.3225281884819,-121.796729,40.00034
SWIFT_1_N003,37.322446905744414,-121.79666998783091,40.00034
SWIFT_1_N006,37.322446905744414,-121.79678801216909,40.00034
SYCAMORE_1_N101,39.76991684305054,-121.824218,6.2659
SYCAMORE_1_N201,39.76983607845885,-121.82415733357864,6.2659
SYCAMORE_1_N301,39.76983607845885,-121.82427866642136,6.26597
SYLMAR_LNODEDC1,34.31,-118.5,-8.98641
SYLMAR_LNODEDC1BURB,34.30999999995138,-118.49989057813684,-8.98641
SYLMAR_LNODEDC1GLEN,34.30990961750026,-118.49989057825464,-8.98641
SYLMAR_LNODEDC1LADWP,34.30984570750071,-118.49996795113718,-8.98641
SYLMAR_LNODEDC2,34.309830423630196,-118.50007579695593,-8.98696
SYLMAR_LNODEDC2BURB,34.30986172772742,-118.50017844594423,-8.98696
SYLMAR_LNODEDC2GLEN,34.30992764535058,-118.50025330944317,-8.98696
SYLMAR_LNODEDC2LADWP,34.31001306459742,-118.50028907067266,-8.98696
T320_2_N001,38.01528999998606,-121.76202266067159,12.26396
T320_2_N002,38.01528999998606,-121.7621373393284,12.26396
TAFT1_1_N001,35.14999999998751,-119.47994486994581,-10.24638
TAFT1_1_N004,35.14999999998751,-119.48005513005418,-10.24638
TAHDONR_LNODE07,39.337309,-120.221277,-3.43454
TAMARACK_6_N001,39.313743,-120.496804,8.81301
TAMARISK_1_N001,33.817316,-116.454898,-8.8468
TAMARISK_1_N003,33.791934,-116.449747,-8.8468
TAP710_1_N004,32.595364649653405,-117.05757378781198,-51.39088
TAP801_1_N001,34.10961399998795,-116.41178248891224,-8.87015
TAP807_1_N001,34.0,-116.5,-8.87507
TASSAJAR_2_N001,37.79959499998613,-121.9077887787453,22.51668
TASSAJAR_2_N002,37.79959499998613,-121.9079032212547,22.51668
TASSAJAR_2_N016,37.80001701,-121.9076781,22.51668
TAYLOR_6_N001,38.78044,-121.247,8.93266
TECUYA_6_N001,35.018589,-118.979536,-10.2307
TEICHERT_1_N001,37.78999999998617,-121.36005721487219,9.36647
TEJON_6_N001,35.01953399998751,-118.95472389537663,-10.2307
TEJON_6_N014,35.01953399998751,-118.95483410462336,-10.2307
TELECYN_1_N001,32.63795363606789,-117.01596355585968,1.71
TELECYN_1_N006,32.63777436384253,-117.01596355607299,1.71
TELECYN_1_N014,32.63777436384253,-117.01617644392701,1.71
TELECYN_1_N025,32.63795363606789,-117.01617644414031,1.71
TEMBLOR_1_N003,35.382795999987465,-119.69634883811833,-10.20168
TEMPLE21_7_N001,35.55503,-120.6803,-10.08642
TEMPLETN_2_N008,35.554496,-120.679996,-10.08642
TERMNOUS_6_N001,38.116464,-121.422007,9.16242
TESLAMTR_1_N003,37.80682,-121.29178,9.32776
TESORO_2_N014,38.01816652998603,-122.06128255940455,14.50392
TESORO_2_N020,38.01816652998603,-122.06139724059545,14.50392
TESSUB_2_N001,37.73,-121.93,21.65437
TEVIS_1_N001,35.319191999987495,-119.12859784623319,-10.21274
TEVIS_1_N003,35.319191999987495,-119.12870815376681,-10.21329
TEXACO_6_N019,35.95614499,-120.864333,24.15302
TEXSUN1G_7_N001,35.36999999998748,-119.4800551602316,-10.2176
TEXSUN2G_7_N001,35.3599999999875,-119.48005515895167,-10.2176
THERMLTO_2_N109,39.514145,-121.632458,6.26148
THORNHIL_1_N001,33.833699,-116.524642,-8.86948
TIDEWATR_2_N001,38.01989465330933,-122.06150068264388,14.41389
TIDEWATR_2_N014,38.02007534657929,-122.06150068292666,14.41389
TLRELKE_6_N001,36.00375672659094,-119.948802,-10.37209
TLRELKE_7_N016,36.00367613669082,-119.9487444848154,-10.37209
TOADTWN_7_N001,39.8711407,-121.6099556,6.39709
TOCALOMA_6_N001,38.05521,-122.760914,11.61614
TOMATAK_6_N001,36.836069,-120.44959,-20.89089
TOREYPNS_6_N001,32.89877953728695,-117.23987836114813,-8.82484
TOREYPNS_6_N007,32.89860046262259,-117.23987836136372,-8.82484
TOREYPNS_6_N008,32.89860046262259,-117.24009163863627,-8.82484
TOREYPNS_6_N009,32.89877953728695,-117.24009163885188,-8.82484
TORTILLA_1_LN001,34.87445665123645,-117.06480112671595,-10.85376
TORTILLA_1_N007,34.87463734866425,-117.064801126958,-10.85376
TORTOISE_6_N001,34.640736,-118.065841,-9.33472
TOSCO-PP_6_N001,37.7831868,-121.6320725,7.20458
TOT032_2_N001,33.93661299998811,-116.5732326824313,-8.87532
TOT032_2_N002,33.93661299998811,-116.5733413175687,-8.87532
TOT135_2_N001,34.00679810536202,-117.94324639773743,-9.08947
TOT135_2_N002,34.00679810536202,-117.94313760226258,-9.08947
TOT180_7_N001,35.555452796415516,-115.45909962433502,-8.62796
TOT210S1_7_N001,35.55527320348384,-115.45909962458231,-8.62944
TOT223L1_7_N001,33.65931297998823,-114.98271600702792,-8.59181
TOT223L2_7_N002,33.65931297998823,-114.98282399297209,-8.59131
TOT242GN_7_N001,35.555452796415516,-115.45932037566497,-8.62808
TRABUCO_1_N001,33.5630767991568,-117.67324523376014,-8.90939
TRABUCO_1_N005,33.562897200749894,-117.67324523398426,-8.90939
TRABUCO_1_N009,33.562897200749894,-117.67346076601574,-8.90939
TRABUCO_1_N013,33.5630767991568,-117.67346076623986,-8.90939
TRACY_1_N001,37.748395999944734,-121.41564562794372,9.354
TRACY_1_N002,37.74831768119299,-121.41570281403237,9.354
TRACY_1_N007,37.74831768119299,-121.41581718596763,9.354
TRACY_1_N101,37.748395999944734,-121.41587437205628,9.354
TRAVIS_6_B1,38.271536729986,-121.93327897263443,9.40289
TRESVIS_6_N001,39.486707,-121.687993,6.57976
TRIMBLE_1_N004,37.42009036798162,-121.72988621524279,30.54532
TRIMBLE_1_N010,37.41990963190925,-121.72988621551741,30.54532
TRIMBLE_1_N016,37.41990963190925,-121.7301137844826,30.54532
TRIMBLE_1_N020,37.42009036798162,-121.73011378475721,30.54532
TRINIDAD_6_N001,41.064242,-124.128367,4.37619
TRUCKEE_LNODE49,39.330431720184855,-120.181195,-3.4346
TRVSHPT_6_B1,38.271536729986,-121.93339382736556,9.40252
TUDOR_6_N001,38.982071,-121.635205,8.89155
TULELAKE_LNODE35,41.95333,-121.47111,12.15513
TULUCAY_6_N001,38.247946,-122.268228,9.38221
TUNNEL_LNODE33,41.925559999984245,-121.56576970013403,12.39153
TUNNEL_LNODE40,41.925559999984245,-121.56589029986597,12.39153
TUPMAN_1_LN001,35.355,-119.2702778,-10.24306
TUPMAN_1_N101,35.354039,-119.270638,-10.24306
TVYVLLY_6_N001,36.77062199998685,-119.39317691322037,-2.65503
TXBVHL_6_N001,35.226128018725106,-119.3778391415529,-10.24989
TXROSDL_1_N001,35.37695301426363,-119.07791367489159,-10.21409
TXROSDL_1_N002,35.37695301426363,-119.0780283251084,-10.21409
TYLER_6_N001,40.138392982499205,-122.20848578836895,6.017
TYLER_6_N002,40.138392982499205,-122.20860821163106,6.017
UCM_6_N001,32.88368472395273,-117.222424,-8.82385
UCM_6_N002,32.88360413801135,-117.22236859671557,-8.82385
UCM_6_N006,32.88360413801135,-117.22247940328444,-8.82385
UKIAH_1_N001,39.142823455087914,-123.19204845611492,-1.50328
UKIAH_1_N005,39.14300254479826,-123.19204845640866,-1.50328
UNOCAL_7_N001,38.04805556,-122.255,14.05602
UOP_6_N001,37.97945391,-121.3121994,9.15959
UPPRLKE_6_N001,39.145906,-122.916845,-2.82378
URANIUM_6_N001,37.3711189164195,-121.976163786,29.81944
URANIUM_6_N002,37.37103760797558,-121.97610471695367,29.81944
URANIUM_6_N003,37.37103760797558,-121.97622285504633,29.81944
URBAN_6_N001,32.71336175780155,-117.151456,-8.80394
URBAN_6_N005,32.71328112108711,-117.15140066790788,-8.80394
URBAN_6_N009,32.71328112108711,-117.15151133209213,-8.80394
URICH_6_N001,38.029918,-122.103005,13.96599
USNSSPT1_6_N001,32.70742799995502,-117.24513948299598,-8.81099
USNSSPT2_6_N001,32.707505595112,-117.2450862415443,-8.81099
VACA-DIX_1_N001,38.401643999943936,-121.91981408247966,9.38806
VACA-DIX_1_N083,38.401566007417685,-121.91998645869818,9.38806
VACADIX_1_N015,38.401643999943936,-121.92004391752033,9.38806
VACADIX_1_N300,38.40172199255435,-121.91987154117784,9.38806
VACAVIL_1_N001,38.356520058867716,-121.97951,9.38861
VACAVIL_1_N101,38.35643897055109,-121.97945029786577,9.38905
VACAVIL_1_N102,38.35643897055109,-121.97956970213424,9.38905
VALCNTR_6_N001,33.23068299998848,-117.01834745172809,-8.81598
VALLECTS_6_B1,37.60921546,-121.8425892,21.02872
VALLEYSC_1_N001,33.738397971600605,-117.156432,-8.89351
VALLEYSC_1_N023,33.74191,-117.156589,-8.89332
VALLEYSC_1_N026,33.7419099999529,-117.15648082117153,-8.89332
VALLEYSC_1_N027,33.741820044059125,-117.15648082128499,-8.89332
VALLEYSC_1_N030,33.74174122394152,-117.1566639359048,-8.89332
VALLEYSC_1_N031,33.741772380302784,-117.156765418802,-8.89332
VALLEYSC_1_N107,33.738317014186954,-117.15648820699798,-8.89332
VALLEYSC_1_N216,33.74201282449463,-117.15686887672038,-8.89351
VALLEYSC_1_N217,33.742095107300145,-117.15682515836211,-8.89351
VALLEYSC_1_N218,33.74216056628639,-117.15675095634964,-8.89351
VALLEYSC_1_N219,33.7422031540618,-117.15665566870578,-8.89351
VALLEYSC_1_N220,33.74221986927216,-117.15654937347803,-8.89351
VALLEYSC_1_N221,33.74221035698812,-117.1564418007823,-8.89351
VALLEYSC_5_N047,33.742049933312074,-117.15619034666781,-8.89363
VALLYHM_1_N001,37.85581024891345,-120.944141,9.16271
VALLYHM_1_N005,37.85572887552832,-120.94420050279503,9.16271
VALLYVW_1_N001,37.96607299998612,-122.27841868352904,13.965
VALLYVW_1_N003,37.96607299998612,-122.27853331647096,13.965
VALPREDO_6_N001,35.02060799586001,-119.0626791,-10.23039
VASCO_6_N001,37.71132099998621,-121.71587984128799,18.49655
VASCO_6_N003,37.71132099998621,-121.71599415871201,18.49655
VASONA_2_N001,37.25999999998651,-121.89994328855217,45.67905
VASONA_2_N010,37.25999999998651,-121.90005671144785,45.67905
VEDDER_1_N001,35.61,-118.96,-10.21108
VERNON_6_N001,33.998720181696164,-118.22077977719938,-9.11313
VESTAL_6_N001,35.85713659527842,-119.08872645400277,-9.24109
VICTOR_1_N001,38.145651267656454,-121.17732422029407,-8.90117
VICTOR_1_N134,34.505936,-117.38768,-8.90117
VICTOR_1_N137,34.505935999950886,-117.3875702583319,-8.90117
VICTOR_1_N594,34.50584556540856,-117.38757025845098,-8.90117
VICTOR_1_N595,34.50578161857523,-117.38764785746913,-8.90117
VICTOR_1_N596,34.50576632589583,-117.38775601848484,-8.90117
VICTOR_1_N597,34.50579764803412,-117.38785896748202,-8.90117
VICTOR_1_N598,34.50586360364735,-117.38793404978351,-8.90117
VICTOR_1_N603,34.50594907212439,-117.38796991553367,-8.90117
VICTOR_1_N606,34.50603937160514,-117.38796392005962,-8.90117
VICTOR_1_N619,34.50612209223446,-117.38791957011638,-8.90117
VICTOR_1_N620,34.50618789952731,-117.38784429611982,-8.90117
VICTOR_1_N625,34.50623071391217,-117.3877476318643,-8.90117
VICTOR_6_N001,38.145470732231836,-121.17755377942188,66.18293
VICTOR_6_N002,38.145651267656454,-121.17755377970593,66.18293
VICTOR_7_N001,34.506203825932694,-117.38742904716817,-8.90117
VIEJOSC_2_N001,36.578772821150025,-121.908968,-8.96292
VIEJOSC_2_N004,33.667334,-117.642727,-8.96292
VIEJO_6_N001,36.578692089410936,-121.90890995739635,37.57034
VIEJO_6_N003,36.578692089410936,-121.90902604260364,37.57034
VIERRA_1_N001,37.85,-121.24,9.32776
VIERRA_1_N009,37.7978,-121.27418,9.32776
VILLAPK_6_LN001,33.81564699317584,-117.83444769843688,-9.0324
VILLAPK_6_LN002,33.81564699317584,-117.83456030156313,-9.0324
VINA_6_N001,39.941614,-122.041739,5.99284
VINESUB_6_N006,32.73878475092385,-117.17888,-8.80456
VINESUB_6_N007,32.73870412452592,-117.17882465920908,-8.80456
VINESUB_6_N014,32.73870412452592,-117.17893534079091,-8.80456
VINEYARD_2_N001,37.66967326170019,-121.85436,19.57832
VINEYARD_2_N002,37.66959186913507,-121.85430063276966,19.57832
VINEYARD_6_N001,37.66959186913507,-121.85441936723034,18.68216
VLLYSPS_6_CN6,38.21648188,-120.7638501,7.69291
VOLTA2_7_N009,40.451832613439954,-121.8620339242648,5.95857
VSTA_1_N001,34.04125299995202,-117.32061812723687,-8.99612
VSTA_1_N019,34.04128993524605,-117.3188974279969,-8.99612
VSTA_1_N028,34.04128993524605,-117.3190105720031,-8.99612
VSTA_6_N001,34.04125299995202,-117.32083587276313,-8.99606
WABASH_6_N001,32.73022052,-117.110597,-8.80493
WAHTOKE_1_N001,36.61618299998699,-119.452409104289,-3.27822
WAHTOKE_1_N002,36.61618299998699,-119.45252089571099,-3.27822
WALNUT_6_N001,34.00840381020035,-117.94966020073771,-9.08941
WALSH_6_N001,37.36925702368643,-121.95645763176401,29.81716
WALSH_6_N002,37.36925702368643,-121.95657130623599,29.81716
WARENCYN_6_N001,33.01545499998868,-117.00226861385794,-8.81831
WARENCYN_6_N002,33.01545499998868,-117.00237538614206,-8.81831
WARNERS_6_N001,33.247186,-116.675942,-8.8097
WARNER_LNODERV1,41.50091505739131,-120.533072,1.59941
WARNER_LNODERV3,41.50083397128745,-120.53300949206302,1.59941
WARNER_LNODESC1,41.50083397128745,-120.53313450793698,1.59941
WASCO_7_N008,39.77617274317707,-122.10383,-10.22213
WATERLOO_6_N001,38.05178292,-121.2097983,7.93621
WATRSHED_6_N001,37.487815,-122.310237,24.40513
WDT273_7_N001,34.133619,-117.907563,-9.12051
WDWRGEN_7_N001,36.89672741773442,-119.74989840074353,-2.30105
WEBER1_6_N003,37.91982787,-121.2402319,7.93578
WEBERGEN_7_N002,37.919827869944456,-121.24011731424282,7.93498
WEBER_2_N021,37.919749586976614,-121.2401746071824,7.93504
WEBER_6_N001,37.919749586976614,-121.24028919281761,7.93578
WEBER_6_N041,37.919827869944456,-121.24034648575717,7.93578
WEEDPTCH_6_N001,35.22380990982567,-118.88,-10.22455
WEED_LNODER1,41.43139,-122.38944,12.7416
WELLFILD_6_N001,35.22389999995005,-118.88011028239877,-10.22129
WELLFILD_6_N002,35.22399009017441,-118.88,-10.22129
WEMRSWS_6_N001,39.035984,-120.987909,8.93393
WESIX_6_N001,36.661091309986915,-120.33431525009004,-9.49373
WESTLAND_6_N001,36.661091309986915,-120.33442714990996,-9.49391
WESTLANE_6_N001,37.990674,-121.282373,9.16033
WESTLEY_6_N001,37.57958111998634,-121.2056848506367,9.33631
WESTLEY_6_N004,37.57958111998634,-121.2057989493633,9.33631
WESTLNDS_1_N001,36.3999999999871,-120.31994434326373,-9.98228
WESTLNDS_1_N019,36.3999999999871,-120.32005565673627,-9.98228
WESTPAC_6_N001,34.819566,-118.750985,-9.18451
WESTPARK_1_N001,35.374163973003284,-119.039839,-10.21292
WESTPARK_1_N005,35.374083013484764,-119.03978167527592,-10.21292
WESTPARK_1_N009,35.374083013484764,-119.03989632472408,-10.21292
WESTPLAT_1_N001,35.42,-119.3,-10.24361
WESTPNT_6_N001,38.44471398077145,-120.516861,7.6832
WESTPNT_7_N001,38.44489401922852,-120.516861,7.68073
WESTSDE_6_N001,37.77660932,-121.5175127,7.20851
WHEATLND_6_N001,39.013055,-121.418524,-0.67
WHEATLND_6_N005,39.01311707,-121.4186482,-0.67
WHEELER_6_N001,35.089761,-118.976591,-10.23131
WHISMAN_1_N001,37.40491321634772,-122.068856,31.601
WHISMAN_1_N004,37.404831891811426,-122.06879689262591,31.601
WHISMAN_1_N009,37.404831891811426,-122.06891510737408,31.601
WHITMORE_6_N001,40.628753,-121.915711,5.87235
WHLRRD1_7_B1,35.088838,-118.976556,-10.22849
WHLRRD1_7_B3,35.08883799995014,-118.97644576152675,-10.22849
WHLRRD1_7_B4,35.088747796027285,-118.97644576164866,-10.22849
WHLRRD1_7_B5,35.088684012267365,-118.97652371195969,-10.22849
WHLRRD1_7_B6,35.088668758585875,-118.97663236262073,-10.22849
WHLRRD2_7_B1,35.08870000084669,-118.9767357776696,-10.22855
WHLRRD2_7_B3,35.088765788262144,-118.97681119987332,-10.22855
WHLRRD2_7_B4,35.08885103878225,-118.97684722799443,-10.22855
WHLRRD2_7_B5,35.08894110798812,-118.97684120538457,-10.22855
WILDWOOD_1_N001,40.38711092118795,-123.04499942348713,6.07371
WILDWOOD_1_N005,40.38711092118795,-123.04512257651287,6.07371
WILKINS_6_N001,39.00552,-121.867233,7.12013
WILLIAMS_6_N002,39.15757999998577,-122.14756226186596,7.10832
WILLIAMS_7_N002,39.15757999998577,-122.14767773813404,7.10832
WILLITS_6_N001,39.405666,-123.327366,-0.84
WILLOWS_6_N001,39.531805,-122.185874,6.75976
WILLWCRK_6_N001,41.056486881388146,-123.68218970968636,4.59035
WILSONA_6_N001,34.579517,-117.719954,-9.3373
WINDGAP1_7_B1,35.01,-118.99,-10.22892
WINDGAP1_7_B3,35.00999999995021,-118.98988979523116,-10.22892
WINDGAP1_7_B4,35.00990973652225,-118.98988979535277,-10.22892
WINDGAP2_7_B1,35.0098459106858,-118.98996772183133,-10.22892
WINDGAP2_7_B3,35.009830646941914,-118.99007633927391,-10.22892
WINDGAP3_7_B1,35.00986190981265,-118.9901797227049,-10.22898
WINDGAP3_7_B3,35.009927740626615,-118.99025512184879,-10.22898
WINDGAP4_7_B1,35.010013047384426,-118.99029113895399,-10.22898
WINDGAP4_7_B3,35.01010317600642,-118.99028511818479,-10.22898
WINDSOR_6_N001,38.60704,-122.85222,15.63834
WINTERS_6_N001,38.517708,-121.951331,9.39034
WIRLWIND_2_NM01,34.85790599998759,-118.43694794239384,-9.48567
WIRLWIND_2_NM02,34.85790599998759,-118.43705805760615,-9.48567
WLFSKIL1_1_N004,38.22801,-122.07571,9.39206
WLLWPSS_6_N001,38.02467113,-121.9610129,13.96433
WNTUPMS_6_N001,40.592794,-122.369634,5.95571
WOHLER_6_N001,38.512048,-122.880906,12.67726
WOLFE_1_N001,37.335142193117605,-122.020824,38.46059
WOLFE_1_N002,37.335060903426545,-122.02076497287341,38.46059
WOLFE_1_N007,37.335060903426545,-122.02088302712659,38.46059
WOODACRE_6_N001,38.012118,-122.65455,11.61516
WOODLD_1_N001,38.67823188725648,-121.760143,8.83302
WOODLD_1_N005,38.67815105635662,-121.76008322082818,8.83302
WOODLD_1_N012,38.67815105635662,-121.76020277917182,8.83302
WOODSIDE_6_N003,37.43624399998641,-122.2420270905538,36.6677
WOODSIDE_6_N004,37.43624399998641,-122.24214090944619,36.6677
WOODSIDE_6_N006,37.43704943,-122.2421734,36.6677
WOODWARD_1_N005,36.89654748215955,-119.75012339899124,-2.30105
WOODWARD_1_N006,36.89672741773442,-119.75012339925647,-2.30105
WPBART_1_N001,38.02005420797604,-121.98,14.59703
WPBART_1_N004,38.01997289599686,-121.97994040909197,14.59703
WPBART_1_N026,38.01997289599686,-121.98005959090804,14.59703
WRGHTPP_6_N001,37.013289999986696,-120.94462359835565,5.96128
WSCOPRSN_1_N001,35.61,-119.37,-10.20914
WSCRMNO_1_N004,38.58939293336201,-121.545027,8.75141
WSCRMNO_1_N013,38.58931203330379,-121.54496724378153,8.75141
WSCRMNO_1_N201,38.58931203330379,-121.54508675621847,8.75141
WSTFRSO_1_N001,36.71841899998688,-119.81853697917856,-3.28595
WSTFRSO_1_N004,36.71841899998688,-119.81864902082144,-3.28595
WSTFRSO_1_N015,36.71821682,-119.8190857,-3.28595
WSTLD1RA_1_N001,36.72,-120.72,-1.44425
WTSNVLLE_6_N001,36.902758999986744,-121.75595974245704,37.572
WTSNVLLE_6_N003,36.902758999986744,-121.75607225754297,37.572
WYANDTTE_1_N001,39.491682744465926,-121.541161,6.94501
WYANDTTE_1_N003,39.49160212775149,-121.54110068770393,6.94501
WYANDTTE_1_N102,39.49160212775149,-121.54122131229607,6.94501
YOSEMITE_6_N001,37.72952929,-122.3968597,-0.07855
YREKA_LNODE76,41.72897989068449,-122.63154955171838,12.7017
YREKA_LNODED1,41.72880010918983,-122.63154955205546,12.70849
YREKA_LNODED2,41.72880010918983,-122.63179044794454,12.70849
YREKA_LNODED3,41.72897989068449,-122.63179044828162,12.70849
YUBACITY_6_N010,39.1373209999858,-121.64396072438323,7.08359
YUBAGOLD_6_N001,39.203272,-121.415014,7.08298
ZACA_1_N001,34.696829,-120.151374,-10.07314
ZAMORA_1_LN001,38.775555559985854,-121.85827574897266,8.84797
ZAMORA_1_N001,38.775555559985854,-121.85839085102734,8.84797
ZANKER_1_N001,37.469999999986335,-121.8099430557453,29.35868
ZANKER_1_N003,37.469999999986335,-121.8100569442547,29.35868
ZENO_6_N001,37.37696677208641,-121.99793169424989,29.82018
ZENO_6_N002,37.37696677208641,-121.99804538575012,29.82018
12TH_S_LNODENMZ,37.63715677998629,-120.99316020050249,0.0
12TH_S_LNODEXWQ,37.63715677998629,-120.99327439949751,0.0
8TH_ST_LNODEBXG,37.64197726998626,-121.00603849646912,0.0
8TH_ST_LNODELZF,37.64197726998626,-121.00615270353089,0.0
ADLNTO_LNODEDC1BURB,34.54984561454145,-117.43996783961737,0.0
ADLNTO_LNODEDC1GLEN,34.54983032146246,-117.44007606070501,0.0
ADLNTO_LNODEDC2BURB,34.549861644418996,-117.44017906687948,0.0
ADLNTO_LNODEDC2LADWP,34.549927601755336,-117.44025419088157,0.0
ADLNTO_NDC2,34.550013072465426,-117.4402900765519,0.0
AIR_SUB_LNODENAA,33.96205409081493,-118.376,0.0
AIR_SUB_LNODENAB,33.961972954579615,-118.37594352117388,0.0
AIR_SUB_LNODEONC,33.961972954579615,-118.37605647882611,0.0
ALMOND_LNODEAUX,37.574202045609525,-120.98511610244,0.0
ALTTA_BP_LNODEPRT,41.51205899998436,-120.5236838478691,0.0
ALTTA_BP_LNODETON,41.51205899998436,-120.5238041521309,0.0
ASPEN_LNODESPEN,37.69337956,-122.069288,0.0
ATW_SUB_LNODEONB,34.1096541600031,-118.254,0.0
ATW_SUB_LNODEONC,34.10957291998536,-118.25394335044959,0.0
ATW_SUB_LNODEOND,34.10957291998536,-118.2540566495504,0.0
AUGUST_LNODEDR1,37.4182520696912,-120.831252690486,0.0
AUGUST_LNODEDR3,37.4182452743243,-120.831131410372,0.0
AUGUST_LNODEDR4,37.4182458785436,-120.830989786937,0.0
AUGUST_LNODEDR5,37.4182557186304,-120.831363604619,0.0
AUGUST_LNODEDR6,37.41894,-120.84899,0.0
BANGS_LNODEKGC,37.70469,-121.0418,0.0
BCN_PP_LNODESS1,35.25680070871138,-118.02736892630813,0.0
BCN_PP_LNODESS2,35.256766720360744,-118.02726679027704,0.0
BERNARDO_LNODEARDO,33.02157451,-117.0962277,0.0
BREEZE_LNODEYT1,35.12379082432393,-118.37420225116239,0.0
BREEZE_LNODEYT2,35.12397117557631,-118.37420225140652,0.0
BRGSMR_LNODEGZB,37.66621999998627,-120.97704287657282,0.0
BRGSMR_LNODETHU,37.66621999998627,-120.97715712342718,0.0
BROCKWAY_LNODE01,39.243063530935196,-120.02634939696748,0.0
BROCKWAY_LNODE02,39.242884468950564,-120.02634939726258,0.0
BROCKWAY_LNODE51,39.242884468950564,-120.02658060273741,0.0
BROCKWAY_LNODE52,39.243063530935196,-120.02658060303253,0.0
BWILLIAM_LNODEILLW,34.16145330172,-114.38177086852794,0.0
CALSUB_LNODEET,39.521219,-120.008761,0.0
CAN_SUB_LNODEONA,34.18955419166312,-118.592,0.0
CAN_SUB_LNODEONB,34.189472904155366,-118.59194326369176,0.0
CAN_SUB_LNODEONC,34.189472904155366,-118.59205673630824,0.0
CARRIZO_LNODEHILL,35.38048201522088,-120.04019467441788,0.0
CARRIZO_LNODEZOT1,35.38048201522088,-120.04030932558213,0.0
CAR_SM_LNODENE1,38.642773175556165,-121.3294330286556,0.0
CAR_SM_LNODENE2,38.64259349099788,-121.32943302894401,0.0
CAR_SM_LNODENE3,38.64259349099788,-121.329663082168,0.0
CAR_SM_LNODENE4,38.642773175556165,-121.3296630824564,0.0
CASTLE_LNODEDR1,37.36195490350885,-120.56264978595905,0.0
CASTLE_LNODEDR2,37.36187666885442,-120.5625929569803,0.0
CASTLE_LNODEDR3,37.36179843428164,-120.56264978607754,0.0
CASTLE_LNODEDR4,37.36179843428164,-120.56276344403506,0.0
CASTLE_LNODEDR5,37.36187666885442,-120.5628202731323,0.0
CASTLE_LNODEDR6,37.36195490350885,-120.56276344415355,0.0
CAS_LA_LNODESMW,34.587237,-118.656638,0.0
CAS_PP_LNODE1AUX,34.58734037344726,-118.65692220263387,0.0
CAS_PP_LNODE2AUX,34.58742309555189,-118.65687780855163,0.0
CAS_PP_LNODE3AUX,34.587488904018386,-118.65680245963806,0.0
CAS_PP_LNODE4AUX,34.58753171916694,-118.65670569917606,0.0
CAS_PP_LNODE5AUX,34.58754852361777,-118.65659776098718,0.0
CAS_PP_LNODE6AUX,34.58753896054594,-118.65648852558515,0.0
CEN_SUB_LNODEONB,33.948054083699034,-118.255,0.0
CEN_SUB_LNODEONC,33.94797295813763,-118.25494353789466,0.0
CEN_SUB_LNODEOND,33.94797295813763,-118.25505646210534,0.0
CERES_LNODEDR1,37.6088562120824,-120.956729570412,0.0
CERES_LNODEDR3,37.6089710504,-120.956595705015,0.0
CERES_LNODEDR4,37.6089019185376,-120.956592000755,0.0
CERES_LNODEDR5,37.6087606610128,-120.956712881849,0.0
CERES_LNODEDR7,37.6089324750351,-120.956712057352,0.0
CERES_LNODEDR8,37.6090011903052,-120.956714357349,0.0
CHC_LNODE31A,38.95999999998579,-120.89994237638588,0.0
CHC_LNODE33A,38.95999999998579,-120.90005762361412,0.0
CIG_SM_LNODESS,38.44522299433728,-121.46160277845912,0.0
CLARIBEL_LNODEGFP,37.71028,-120.9688,0.0
CLAUS_LNODEKSN,37.639389999986214,-120.91954289863075,0.0
CLAUS_LNODESME,37.639389999986214,-120.91965710136925,0.0
CLOUGH_LNODEIYF,37.62761111,-120.9751667,0.0
CLOUGH_LNODEYBR,37.62761110994497,-120.97505251712948,0.0
COLLEG_LNODEDR1,37.6091056801805,-120.992876143573,0.0
COLLEG_LNODEDR2,37.6091096218649,-120.992789582042,0.0
COLLEG_LNODEDR5,37.6090266914486,-120.992698116343,0.0
COLLEG_LNODER15,37.6090419641747,-120.993034819943,0.0
COMMONS_LNODEDR1,37.6091045275098,-120.992962913259,0.0
COMMONS_LNODEDR3,37.5166183000533,-120.867554724081,0.0
COMMONS_LNODEDR4,37.516699044633,-120.867555122205,0.0
COMMONS_LNODEDR5,37.5164895041446,-120.867550987033,0.0
COMMONS_LNODEDR7,37.5165532160667,-120.867553025577,0.0
COMMONS_LNODEDR8,37.5008689404211,-120.913270146673,0.0
COOPER_LNODEDR1,37.3189566034476,-120.5119493179366,0.0
COOPER_LNODEDR2,37.31895660339336,-120.51183575699493,0.0
COOPER_LNODEDR3,37.318866291449055,-120.51183575713138,0.0
COOPER_LNODEDR4,37.318802431310424,-120.51191605677509,0.0
COOPER_LNODEDR5,37.318787159360575,-120.51202798203006,0.0
COOPER_LNODEDR6,37.31881843902539,-120.51213451388375,0.0
COOPER_LNODEDR7,37.318884305211256,-120.51221220923813,0.0
COOPER_LNODEDR8,37.318969657813994,-120.51224932323211,0.0
COOPER_LNODEDR9,37.31905983488123,-120.51224311913526,0.0
COOPER_LNODER14,37.31914244338007,-120.5121972257278,0.0
COOPER_LNODER15,37.31920816147405,-120.51211933201114,0.0
COOPER_LNODER16,37.31925091782716,-120.51201930357878,0.0
COOPER_LNODER17,37.31926769919903,-120.51190771989396,0.0
CORTEZ_LNODEDR1,37.5005587104299,-120.913235680039,0.0
CORTEZ_LNODEDR3,37.5007571927422,-120.913267914805,0.0
CORTEZ_LNODEDR5,37.5006522266335,-120.913263660994,0.0
CORTEZ_LNODEDR6,37.5008124927682,-120.913424010622,0.0
CORTEZ_LNODEDR7,37.5007095209272,-120.913352769965,0.0
COR_LNODENE1,38.55393333331922,-121.20798139654603,0.0
COR_LNODENE3,38.55393333331922,-121.20809638123197,0.0
CPP_LNODESS1,38.3383555554995,-121.12458988828622,0.0
CPP_LNODESS2,38.33844566948052,-121.124475,0.0
CRABTREE_LNODENK1,37.64506,-120.60683,0.0
CROWLNDG_LNODEDR1,37.4627004272953,-120.740076630976,0.0
CROWLNDG_LNODEDR3,37.462786962981,-120.740080933369,0.0
CROWLNDG_LNODEDR4,37.462613876709,-120.740078364387,0.0
CROWLNDG_LNODEDR5,37.4625421344261,-120.740074305354,0.0
CROWLNDG_LNODEDR7,37.4627827502437,-120.740270351347,0.0
CSG_LNODESS,38.51068967879612,-121.47509029333828,0.0
DONPEDRO_LNODENSS,37.6962503274167,-120.4206077500803,0.0
ECY_LNODE101,38.55445658675582,-121.43093112608555,0.0
ECY_LNODE102,38.55427674646514,-121.4309311263732,0.0
ECY_LNODE103,38.55427674646514,-121.43116109584881,0.0
ECY_LNODE104,38.55445658675582,-121.43116109613645,0.0
ELK_SM_LNODENE2,38.37273738362879,-121.354256944444,0.0
ELK_SM_LNODENE7,38.372656308170484,-121.35419723840097,0.0
ELK_SM_LNODENE8,38.372656308170484,-121.35431665048702,0.0
ELV_LNODENE1,38.71426666661026,-121.47683299057677,0.0
ELV_LNODENE2,38.71418891290697,-121.47689052312896,0.0
ELV_LNODENE3,38.71418891290697,-121.47700558798303,0.0
ELV_LNODENE4,38.71426666661026,-121.47706312053523,0.0
ELV_LNODENE5,38.71434442039811,-121.4770055881082,0.0
ELV_LNODENE6,38.71434442039811,-121.4768905230038,0.0
ENSLEN_LNODEHKQ,37.65216286949752,-121.00124064749899,0.0
ENSLEN_LNODELOU,37.65216286949752,-121.00135935250101,0.0
FAIRGRND_LNODEDR1,37.5006945896515,-120.867048786933,0.0
FAIRGRND_LNODEDR3,37.5005735349484,-120.866718665766,0.0
FAIRGRND_LNODEDR4,37.5005721589657,-120.866803820595,0.0
FAIRGRND_LNODEDR5,37.5005181954718,-120.867051337755,0.0
FAIRGRND_LNODEDR7,37.5005718981617,-120.866887330714,0.0
FAIRGRND_LNODEDR8,37.5005716373084,-120.866970837622,0.0
FAR_SUB_LNODEONA,34.03809021316632,-118.37089113436087,0.0
FAR_SUB_LNODEONB,34.0379097867377,-118.37089113459244,0.0
FAR_SUB_LNODEONC,34.0379097867377,-118.37110886540755,0.0
FAR_SUB_LNODEOND,34.03809021316632,-118.37110886563912,0.0
FINNEY_LNODESNV,37.627520677678156,-120.9751667,0.0
FIREHOUS_LNODEBUSH,34.8569,-114.6245,0.0
FIY_LNODE0LD,38.762778,-121.356944,0.0
FRA_SM_LNODENE1,38.38101134187077,-121.4768906014164,0.0
FRA_SM_LNODENE2,38.380933333277234,-121.47683314740071,0.0
FRA_SM_LNODENE3,38.38085532476781,-121.47689060154032,0.0
FRA_SM_LNODENE4,38.38085532476781,-121.47700550957168,0.0
FRA_SM_LNODENE5,38.380933333277234,-121.47706296371129,0.0
FRA_SM_LNODENE6,38.38101134187077,-121.4770055096956,0.0
FREDONIA_LNODELD,34.1733,-114.574,0.0
FSTREET_LNODEDR1,37.4895796064313,-120.838424090027,0.0
FSTREET_LNODEDR3,37.4896984214952,-120.838270217479,0.0
FSTREET_LNODEDR4,37.4896152090171,-120.838173674241,0.0
FSTREET_LNODEDR5,37.4894938869083,-120.83833925837,0.0
FTL_LNODENE1,38.69308721315885,-121.348651111111,0.0
FTL_LNODENE2,38.693006393405355,-121.34859132777218,0.0
FTL_LNODENE3,38.693006393405355,-121.34871089444981,0.0
GEER_LNODEDR1,37.52250334748,-120.843709746797,0.0
GEER_LNODEDR2,37.5224993081714,-120.843588348711,0.0
GEER_LNODEDR3,37.5224318250334,-120.843496861832,0.0
GEER_LNODEDR4,37.5224297824039,-120.843426269924,0.0
GEER_LNODEDR5,37.5224263420376,-120.843557323915,0.0
GEER_LNODEDR7,37.5224225565731,-120.843630755159,0.0
GEER_LNODEDR8,37.522425898329,-120.843709042834,0.0
GILSTRAP_LNODEDR1,37.5800948624588,-120.975549487551,0.0
GILSTRAP_LNODEDR3,37.5801662132492,-120.9757670064,0.0
GILSTRAP_LNODEDR5,37.5799830759229,-120.975550499689,0.0
GILSTRAP_LNODEDR7,37.58017229934,-120.975552395649,0.0
GILSTRAP_LNODEDR8,37.5801700030066,-120.975645212521,0.0
GILSTRAP_LNODER17,37.5801611951015,-120.976018315921,0.0
GLENSHIR_LNODERE,39.352238,-120.08626,0.0
HAL_SUB_LNODEON1,33.84769999998815,-118.30334578612137,0.0
HAL_SUB_LNODEONA,33.84769999998815,-118.30345421387864,0.0
HAR_GS_LNODE10AUX,33.77070285420546,-118.26588005129787,0.0
HAR_GS_LNODE11AUX,33.770785160786886,-118.2658363056699,0.0
HAR_GS_LNODE12AUX,33.77085063868779,-118.26576205737284,0.0
HAR_GS_LNODE13AUX,33.770893238769126,-118.26566671029164,0.0
HAR_GS_LNODE14AUX,33.77090995880947,-118.26556034876025,0.0
HAR_GS_LNODE1AUX,33.770900443776654,-118.26545270896402,0.0
HAR_GS_LNODE2AUX,33.770866485380765,-118.26535246672638,0.0
HAR_GS_LNODE5AUX,33.77081149182394,-118.26526678898045,0.0
HAR_SUB_LNODEONA,33.77073997374512,-118.26520109800133,0.0
HAR_SUB_LNODEONB,33.77065707494083,-118.26515900180253,0.0
HAR_SUB_LNODEONC,33.77056816417163,-118.26514234955444,0.0
HAWKINS_LNODEDR1,37.5799617816957,-120.645598336747,0.0
HAWKINS_LNODEDR3,37.5799481743814,-120.645311774451,0.0
HAWKINS_LNODEDR5,37.5798175544824,-120.645562968772,0.0
HAWKINS_LNODEDR7,37.5799502934699,-120.645479899093,0.0
HAY_GS_LNODE10AUX,33.765034221459466,-118.09919670179296,0.0
HAY_GS_LNODE12AUX,33.76505094051277,-118.09909035381168,0.0
HAY_GS_LNODE14AUX,33.765041426041684,-118.09898272772843,0.0
HAY_GS_LNODE15AUX,33.7650074696504,-118.0988824982613,0.0
HAY_GS_LNODE9AUX,33.7649524793399,-118.09879683143038,0.0
HAY_LNODESS1,33.76488096548275,-118.09873114881994,0.0
HAY_LNODESS2,33.76479807157197,-118.09868905798392,0.0
HED_LNODENE1,38.50998333327719,-121.35563197930773,0.0
HED_LNODENE2,38.50989337309517,-121.35563197945136,0.0
HED_LNODENE3,38.50982976169183,-121.355713272007,0.0
HED_LNODENE4,38.50981454922492,-121.35582658122124,0.0
HED_LNODENE5,38.509845707051696,-121.35593443034743,0.0
HED_LNODENE6,38.509911316684935,-121.35601308641768,0.0
HED_LNODENE7,38.50999633683837,-121.3560506593429,0.0
HED_LNODENE8,38.51008616266924,-121.35604437854579,0.0
HERSHEY_LNODESLL,37.75083,-120.8453,0.0
HERSHEY_LNODEXF1,37.7508299999447,-120.8451856244636,0.0
HERSHEY_LNODEXF2,37.75073956547022,-120.8453,0.0
HERSHEY_LNODEXF3,37.7508299999447,-120.84541437553641,0.0
HERSHEY_LNODEXF4,37.750920434529704,-120.8453,0.0
HILMAR_LNODEDR1,37.4189785637285,-120.849304571346,0.0
HILMAR_LNODEDR2,37.4188603223578,-120.849075716434,0.0
HILMAR_LNODEDR4,37.4189333711687,-120.849077780203,0.0
HILMAR_LNODEDR5,37.4188652133943,-120.849148221032,0.0
HILMAR_LNODEDR7,37.4188555229834,-120.849223847561,0.0
HILMAR_LNODEDR8,37.418956,-120.848996,0.0
HILMAR_LNODER17,37.4189123657556,-120.849307362712,0.0
HUGHSON_LNODEDR1,37.5949433309328,-120.846755674049,0.0
HUGHSON_LNODEDR2,37.5949478453779,-120.846639431615,0.0
HUGHSON_LNODEDR3,37.5948895849844,-120.846669736494,0.0
HUGHSON_LNODEDR4,37.5949564824944,-120.846831604577,0.0
HUGHSON_LNODEDR5,37.594883530932,-120.846800432358,0.0
HUGHSON_LNODEDR8,37.5948895004896,-120.84669840193,0.0
HURLEY_LNODE12LD3,38.587283,-121.418244,0.0
HUR_LNODENE1,38.58818333333333,-121.418666944444,0.0
HUR_LNODENE2,38.58818333327699,-121.41855194404475,0.0
HUR_LNODENE3,38.58810548632912,-121.41860944430671,0.0
HUR_LNODENE4,38.58810548632912,-121.41872444458129,0.0
HUR_LNODENE5,38.58818333327699,-121.41878194484326,0.0
HUR_LNODENE7,38.58826118030932,-121.41872444470597,0.0
HUR_LNODENE8,38.58826118030932,-121.41860944418204,0.0
HWD_SUB_LNODEONA,34.088090251059334,-118.34689102435425,0.0
HWD_SUB_LNODEONB,34.0879097488445,-118.34689102458658,0.0
HWD_SUB_LNODEONC,34.0879097488445,-118.34710897541342,0.0
HWD_SUB_LNODEOND,34.088090251059334,-118.34710897564575,0.0
INDUSTRL_LNODEDR1,37.4786063003132,-120.866935168966,0.0
INDUSTRL_LNODEDR2,37.4784258031614,-120.866836967643,0.0
INDUSTRL_LNODEDR3,37.4784244272802,-120.866662034426,0.0
INDUSTRL_LNODEDR5,37.4785292936467,-120.866935824384,0.0
INDUSTRL_LNODEDR7,37.4784403782944,-120.866928290638,0.0
INDUSTRL_LNODEDR8,37.4784247171011,-120.866748607625,0.0
KIERNAN_LNODETUB,37.71047,-121.0139,0.0
KNA_LNODENA2,40.654722,-122.389167,0.0
LADDCM_LNODEARD,37.73258,-121.01392,0.0
LAGRANG_LNODEOAD,37.6697612035926,-120.443808701526,0.0
LAK_SM_LNODENE2,38.658077794318025,-121.13012359377534,0.0
LAK_SM_LNODENE3,38.65799999994368,-121.13006607656462,0.0
LAK_SM_LNODENE4,38.657922205653776,-121.13012359390028,0.0
LAK_SM_LNODENE6,38.657922205653776,-121.13023862832172,0.0
LAK_SM_LNODENE7,38.65799999994368,-121.13029614565738,0.0
LAK_SM_LNODENE8,38.658077794318025,-121.13023862844666,0.0
LAPHAM_LNODEQBZ,37.639494,-120.919982,0.0
LAPHAM_LNODEXBC,37.63949399994495,-120.91986779708742,0.0
LAWRENCE_LNODEENCE,37.397297356679005,-122.010126,0.0
LINCON_LNODECRZ,37.63940356621228,-120.91986779722644,0.0
LINCON_LNODEFCN,37.639339619957,-120.91994855081084,0.0
MARPOS_LNODEKSA,37.63932432741219,-120.92006110878681,0.0
MARPOS_LNODENOX,37.63935564925701,-120.92016824287315,0.0
MARSHALL_LNODEDR1,37.43587720766,-121.132527674588,0.0
MARSHALL_LNODEDR2,37.4358760484777,-121.13220043951,0.0
MARSHALL_LNODEDR3,37.4358798082574,-121.132682875263,0.0
MARSHALL_LNODEDR4,37.4358789493306,-121.132046059332,0.0
MARSHALL_LNODEDR5,37.4358787251639,-121.131895544498,0.0
MARSHALL_LNODER8C,37.435876146414,-121.132374308977,0.0
MCC_LNODEMCC,38.63008971070796,-121.51320976638306,0.0
MCY_LNODE101,38.563116666666666,-121.464371944444,0.0
MCY_LNODE102,38.563116666610455,-121.4642569555954,0.0
MCY_LNODE103,38.56302675430868,-121.46425695573926,0.0
MCY_LNODE104,38.562963176761876,-121.46433826506194,0.0
MCY_LNODE105,38.562947972391605,-121.46445159764659,0.0
MCY_LNODE106,38.5629791136348,-121.46455946901716,0.0
MCY_LNODE107,38.56304468834792,-121.46463814131086,0.0
MCY_LNODE108,38.56312966325024,-121.46467572198618,0.0
MEYERS_LNODE31,38.877195,-119.986125,0.0
MEYERS_LNODE32,38.87719499994345,-119.98600982501117,0.0
MEYERS_LNODE33,38.87710533707398,-119.986125,0.0
MEYERS_LNODE34,38.87719499994345,-119.98624017498884,0.0
MEYERS_LNODE35,38.87728466292607,-119.986125,0.0
MINNIER_LNODEJFF,37.71289,-120.93858,0.0
MKT_SUB_LNODEONA,34.0434902173762,-118.24599112234871,0.0
MKT_SUB_LNODEONB,34.04330978252786,-118.24599112258036,0.0
MKT_SUB_LNODEONC,34.04330978252786,-118.24620887741963,0.0
MKT_SUB_LNODEOND,34.0434902173762,-118.24620887765128,0.0
MONTPELR_LNODEDR3,37.5513950204046,-120.771210942368,0.0
MONTPELR_LNODEDR4,37.5513208784333,-120.77132554154,0.0
MONTPELR_LNODEDR5,37.5513203022304,-120.771217224249,0.0
MONTPELR_LNODEDR7,37.551320342333,-120.771557696814,0.0
MONTPELR_LNODEDR8,37.5513195014288,-120.771445581179,0.0
NAT_LNODENE1,38.65097779957077,-121.48672359559271,0.0
NAT_LNODENE2,38.65089999994365,-121.48666608019934,0.0
NAT_LNODENE3,38.650822200401045,-121.48672359571763,0.0
NAT_LNODENE4,38.650822200401045,-121.48683862650437,0.0
NAT_LNODENE5,38.65089999994365,-121.48689614202266,0.0
NAT_LNODENE6,38.65097779957077,-121.4868386266293,0.0
NEWELL_LNODEWELL,41.888139999984205,-121.37845028379793,0.0
NR_SUB_LNODEONA,34.22909034238915,-118.54339073176756,0.0
NR_SUB_LNODEONB,34.228909657513995,-118.54339073200198,0.0
NR_SUB_LNODEONC,34.228909657513995,-118.54360926799801,0.0
NR_SUB_LNODEOND,34.22909034238915,-118.54360926823244,0.0
OAKDAL_LNODEMTS,37.66746999998627,-120.95814287556452,0.0
OAKDAL_LNODENDN,37.66746999998627,-120.95825712443548,0.0
OLY_SUB_LNODEONA,34.03409021003063,-118.45989114327803,0.0
OLY_SUB_LNODEONB,34.03390978987338,-118.45989114350952,0.0
OLY_SUB_LNODEONC,34.03390978987338,-118.46010885649046,0.0
OLY_SUB_LNODEOND,34.03409021003063,-118.46010885672197,0.0
OREGON_LNODENK1,37.63168999998624,-120.9742429051075,0.0
OREGON_LNODENK2,37.63168999998624,-120.9743570948925,0.0
ORV_LNODENE1,38.68455,-121.267326944444,0.0
ORV_LNODENE2,38.68454999994364,-121.26721189591703,0.0
ORV_LNODENE3,38.68446019318104,-121.26721189606141,0.0
ORV_LNODENE4,38.68439669026182,-121.26729324758281,0.0
ORV_LNODENE5,38.68438150373832,-121.26740663898543,0.0
ORV_LNODENE6,38.6844126084275,-121.26751456633991,0.0
ORV_LNODENE7,38.6844781061685,-121.26759327946426,0.0
ORV_LNODENE8,38.68456298132683,-121.2676308796447,0.0
OVES_SUB_LNODEBKB,37.43792099998635,-118.55704491120122,0.0
OVES_SUB_LNODEBKC,36.443,-118.0438,0.0
OVES_SUB_LNODEBKD,37.342,-118.441,0.0
PANAMA_LNODECOUERCRK1,35.29548699213203,-119.02146768568419,0.0
PANAMA_LNODECOUERCRK2,35.29548699213203,-119.02158231431581,0.0
PARADS_LNODEFEG,37.69056,-121.02061,0.0
PARADS_LNODEKHB,37.690559999944874,-121.02049571450051,0.0
PGG_LNODESS1,38.531716666610464,-121.39934830807131,0.0
PGG_LNODESS2,38.531794557439916,-121.39929082076439,0.0
PIONEER_LNODEBUS,37.39756017328021,-120.7270641608972,0.0
PIONEER_LNODEDR1,37.39756017322573,-120.72695042442128,0.0
PIONEER_LNODEDR2,37.3974698163648,-120.7269504245584,0.0
PIONEER_LNODEDR3,37.3974059244655,-120.72703084832322,0.0
PIONEER_LNODEDR4,37.39739064492007,-120.72714294658331,0.0
PIONEER_LNODEDR5,37.39742194014138,-120.72724964310564,0.0
PIONEER_LNODEDR6,37.397487839085414,-120.72732745855615,0.0
PIONEER_LNODEDR7,37.39757323413797,-120.72736462991926,0.0
PIONEER_LNODEDR8,37.397663456054794,-120.72735841623376,0.0
PIONEER_LNODEDR9,37.39774610563929,-120.72731245188831,0.0
PIONEER_LNODER15,37.397811856418734,-120.72723443776906,0.0
PLANETRN_LNODEANET,34.16127269818337,-114.38177086876138,0.0
POC_LNODENE2,38.490383333333334,-121.470263055556,0.0
POC_LNODENE3,38.49038333327713,-121.4701480990094,0.0
POC_LNODENE4,38.490293355392375,-121.470263055556,0.0
POC_LNODENE7,38.49038333327713,-121.47037801210259,0.0
POC_LNODENE8,38.49047331127424,-121.470263055556,0.0
POUST_LNODEIGQ,37.69046956305469,-121.02049571463989,0.0
POUST_LNODELD2,37.6904056145667,-121.02057652662188,0.0
PP1_LNODEOAD,34.59026131985074,-118.4546210726575,0.0
PP1_PP2_LNODELMW,34.59026131985074,-118.4547309273425,0.0
PP2_LNODEAUX,34.53433699995089,-118.52522278142764,0.0
PP2_LNODEOAD,34.534427436468654,-118.525113,0.0
PRSCOT_LNODEAEJ,37.6903903214879,-121.02068916599474,0.0
PRSCOT_LNODETKD,37.69042164442615,-121.02079637755577,0.0
PTR_PP_LNODEROM,35.24801901925079,-118.1756473615291,0.0
REINWY_LNODEGME,37.63942160426353,-120.92024637744797,0.0
REINWY_LNODEQAC,37.6395070719657,-120.92028370125492,0.0
RESERVR_LNODEFFW,37.651919999986276,-120.67483288823061,0.0
RESERVR_LNODEPMW,37.651919999986276,-120.67494711176938,0.0
RIN_SUB_LNODEONA,34.28105422156671,-118.479,0.0
RIN_SUB_LNODEONB,34.28097288920359,-118.47894317065887,0.0
RIN_SUB_LNODEONC,34.28097288920359,-118.47905682934115,0.0
RIOHONDO_LNODEONDO,34.1060249207417,-117.97952664559254,0.0
ROEDING_LNODEDR1,37.587341764588,-120.935901626126,0.0
ROEDING_LNODEDR2,37.5872777703549,-120.935976143427,0.0
ROEDING_LNODEDR3,37.5871231822836,-120.935612409,0.0
ROEDING_LNODEDR5,37.5870085148256,-120.935981028585,0.0
ROEDING_LNODEDR6,37.5871259671814,-120.935792411292,0.0
ROEDING_LNODEDR7,37.5871257817397,-120.935692486018,0.0
ROGERS_LNODEDR1,37.4749114287345,-121.178218328626,0.0
ROGERS_LNODEDR2,37.4751811958932,-121.178206809282,0.0
ROGERS_LNODEDR3,37.4750639771164,-121.17821700138,0.0
ROGERS_LNODEDR5,37.4748414013345,-121.178225065561,0.0
ROGERS_LNODEDR7,37.4749721097043,-121.178220428168,0.0
ROSELE_LNODEHMV,37.68013999998623,-120.94014286544196,0.0
ROSELE_LNODERLV,37.68013999998623,-120.94025713455804,0.0
ROSEMR_LNODEAEI,37.64253,-121.0423,0.0
RSM_SUB_LNODEONB,34.244054210355124,-118.392,0.0
RSM_SUB_LNODEONC,34.24397289480934,-118.39194320739797,0.0
RSM_SUB_LNODEOND,34.24397289480934,-118.39205679260202,0.0
SANTAFE_LNODEPLNT,38.77997308074166,-122.67005981025191,0.0
SCA_GS_LNODE1AUX,33.91807886040714,-118.42789938920775,0.0
SCA_GS_LNODE2AUX,33.91816402577284,-118.42793487934084,0.0
SCA_GS_LNODE4AUX,33.91825400500674,-118.42792894664778,0.0
SCA_GS_LNODE5AUX,33.91833643226557,-118.42788506116258,0.0
SCA_GS_LNODE6AUX,33.91840200617013,-118.42781057548723,0.0
SCA_GS_LNODE7AUX,33.91844466871178,-118.42771492357166,0.0
SCA_LA_LNODE3SS,33.91846141326686,-118.42760822199088,0.0
SCA_SUB_LNODEONA,33.918451884282646,-118.42750023805854,0.0
SCA_SUB_LNODEONB,33.91841787609632,-118.42739967533626,0.0
SCY_LNODE102,38.508556628165735,-121.46418309094265,0.0
SCY_LNODE103,38.50837670505527,-121.4641830912299,0.0
SCY_LNODE105,38.50837670505527,-121.4644130198821,0.0
SCY_LNODE106,38.508556628165735,-121.46441302016935,0.0
SISK_LNODEKZH,37.69048760173528,-121.02087456863451,0.0
SISK_LNODEYUP,37.69057307242136,-121.0209119194331,0.0
SNROSA_LNODEMEA,37.5099999999863,-121.22994301594794,0.0
SNROSA_LNODEYWX,37.5099999999863,-121.23005698405206,0.0
SOUTH_LNODE108,40.39538221,-121.8791458,0.0
SOUTH_LNODE204,40.39538220993951,-121.87902727370097,0.0
SOUTH_LNODEC542,40.39529194143137,-121.87902727385986,0.0
SOUTH_LNODEC544,40.39522811201244,-121.87911108453021,0.0
SOUTH_LNODEC546,40.39521284740522,-121.87922790359386,0.0
SOUTH_LNODEC547,40.39524411201219,-121.8793390934442,0.0
SOUTH_LNODEC548,40.39530994650243,-121.87942018597366,0.0
SOUTH_LNODEC549,40.395395258043976,-121.87945892278287,0.0
SOUTH_LNODEC550,40.3954853917418,-121.8794524474595,0.0
SOUTH_LNODEC552,40.39556796052161,-121.87940454742642,0.0
SQAWVLY_LNODE01,39.20568653401713,-120.20123845453338,0.0
SQAWVLY_LNODE81,39.20550746586879,-120.20123845482796,0.0
SQAWVLY_LNODE82,39.20550746586879,-120.20146954517205,0.0
SQAWVLY_LNODE83,39.20568653401713,-120.20146954546662,0.0
STATELN_LNODE01,38.95238461856907,-119.94181675988908,0.0
STATELN_LNODE22,38.952205381317675,-119.94181676018052,0.0
STATELN_LNODE23,38.952205381317675,-119.94204723981947,0.0
STATELN_LNODELY,38.95238461856907,-119.94204724011091,0.0
STB_LNODE201,38.57233333333333,-121.483291944444,0.0
STB_LNODE202,38.57233333327705,-121.48317695138249,0.0
STB_LNODE203,38.57224342921349,-121.48317695152639,0.0
STB_LNODE204,38.57217985749196,-121.48325826382802,0.0
STB_LNODE205,38.572164654514715,-121.48337160056485,0.0
STB_LNODE206,38.57219579290459,-121.48347947588752,0.0
STB_LNODE207,38.5722613616095,-121.48355815106362,0.0
STB_LNODE208,38.57234632872595,-121.48359573311588,0.0
STB_LNODE209,38.57243609852223,-121.48358945079376,0.0
STB_LNODE210,38.57251833393617,-121.48354297863219,0.0
STB_LNODE211,38.572583755229644,-121.4834641025941,0.0
STB_LNODE212,38.57262631848412,-121.48336281268834,0.0
STDDRD_LNODECEA,37.704079999986206,-121.06864284680097,0.0
STDDRD_LNODEWZO,37.704079999986206,-121.06875715319903,0.0
STD_LNODENE1,38.57225,-121.500568888889,0.0
STD_LNODENE2,38.572249999943736,-121.50045389586575,0.0
STD_LNODENE4,38.57217214071853,-121.50051139243968,0.0
STD_LNODENE5,38.57217214071853,-121.50062638533832,0.0
STD_LNODENE6,38.572249999943736,-121.50068388191225,0.0
STD_LNODENE7,38.57232785925329,-121.50062638546294,0.0
STD_LNODENE8,38.57232785925329,-121.50051139231506,0.0
STE_SM_LNODE301,38.58631666666667,-121.472838888889,0.0
STE_SM_LNODE302,38.586316666610415,-121.47272388936047,0.0
STE_SM_LNODE303,38.58622677499287,-121.47272388950444,0.0
STE_SM_LNODE304,38.58616321207191,-121.47280520637891,0.0
STE_SM_LNODE305,38.58614801119931,-121.4729185494895,0.0
STE_SM_LNODE306,38.58617914527848,-121.47302643087885,0.0
STE_SM_LNODE307,38.58624470490619,-121.47310511047952,0.0
STE_SM_LNODE308,38.586329660260105,-121.47314269464546,0.0
STE_SM_LNODE309,38.58641941762905,-121.47313641197016,0.0
STJ_SUB_LNODEONB,34.067054141297895,-118.226,0.0
STJ_SUB_LNODEONC,34.06697292933807,-118.22594339850212,0.0
STJ_SUB_LNODEOND,34.06697292933807,-118.22605660149787,0.0
STOCKM_LNODEVZF,37.62761110994497,-120.9752808828705,0.0
STOCKM_LNODEXFA,37.62770154232185,-120.9751667,0.0
STURLOCK_LNODEDR3,37.4835881458663,-120.846727672541,0.0
STURLOCK_LNODEDR4,37.4835360336794,-120.846797393384,0.0
STURLOCK_LNODEDR7,37.4834830942642,-120.846867453726,0.0
STURLOCK_LNODER13,37.483522165007,-120.846657059231,0.0
SYLVANCM_LNODECPR,37.688469999986225,-120.97663285888366,0.0
SYLVANCM_LNODEHGR,37.688469999986225,-120.97674714111633,0.0
TAHOCTY_LNODE01,39.165971540038264,-120.14445351203682,0.0
TAHOCTY_LNODE71,39.16579245984778,-120.14445351233086,0.0
TAHOCTY_LNODE72,39.16579245984778,-120.14468448766914,0.0
TAHOCTY_LNODE73,39.165971540038264,-120.14468448796318,0.0
TAR_SUB_LNODEONA,34.17905418777958,-118.544,0.0
TAR_SUB_LNODEONB,34.1789729060972,-118.54394327481864,0.0
TAR_SUB_LNODEONC,34.1789729060972,-118.54405672518136,0.0
TAYLOR_LNODEDR1,37.5369331958297,-120.809398426319,0.0
TAYLOR_LNODEDR5,37.5369383829719,-120.809348192848,0.0
TAYLOR_LNODEDR7,37.536937531095,-120.809217269976,0.0
TAYLOR_LNODEDR8,37.5369366699963,-120.809289591436,0.0
TOL_SUB_LNODEONA,34.175740310821865,-118.36069083905292,0.0
TOL_SUB_LNODEONB,34.1755596890815,-118.36069083928658,0.0
TOL_SUB_LNODEONC,34.1755596890815,-118.36090916071342,0.0
TOL_SUB_LNODEOND,34.175740310821865,-118.36090916094707,0.0
TRUCKEE_LNODE02,39.33035113989209,-120.18113485420918,0.0
TRUCKEE_LNODE03,39.33035113989209,-120.18125514579083,0.0
UCD_LNODEUCD,38.5504,-121.449568888889,0.0
VAL_GS_LNODE5AUX,34.24482148241572,-118.3914027121072,0.0
VAL_GS_LNODE6AUX,34.24485277566131,-118.39150524618782,0.0
VAL_GS_LNODE7AUX,34.24491867043375,-118.39158002588233,0.0
VAL_GS_LNODE8AUX,34.245004060069334,-118.391615747079,0.0
VAL_LNODELSS,34.24509427625119,-118.39160977576542,0.0
VEL_SUB_LNODEONA,34.01555411723447,-118.204,0.0
VEL_SUB_LNODEONB,34.01547294136984,-118.20394345800285,0.0
VEL_SUB_LNODEONC,34.01547294136984,-118.20405654199715,0.0
VN_SUB_LNODEONA,34.18009031354033,-118.44489083013903,0.0
VN_SUB_LNODEONB,34.17990968636295,-118.44489083037274,0.0
VN_SUB_LNODEONC,34.17990968636295,-118.44510916962726,0.0
VN_SUB_LNODEOND,34.18009031354033,-118.44510916986097,0.0
WASHNGT_LNODEDR1,37.4893772928244,-120.903967825898,0.0
WASHNGT_LNODEDR2,37.4895172164325,-120.904092990936,0.0
WASHNGT_LNODEDR3,37.4894692627508,-120.903968029781,0.0
WASHNGT_LNODEDR4,37.489297130992,-120.993988447763,0.0
WASHNGT_LNODEDR5,37.4894207521695,-120.904091725093,0.0
WASHNGT_LNODEDR6,37.4892474344412,-120.904090188054,0.0
WASHNGT_LNODEDR7,37.4892029595549,-120.903964429204,0.0
WASHNGT_LNODER15,37.4893341220127,-120.90409199878,0.0
WEC_SY_LNODEUX1,37.4878752249074,-120.89565231921667,0.0
WEC_SY_LNODEUX2,37.4878752249074,-120.89576624369113,0.0
WELFLDPM_LNODELPMP,34.16127269818337,-114.38198913123861,0.0
WELFLDPM_LNODERALS,34.16145330172,-114.38198913147205,0.0
WESTPORT_LNODEDR1,37.5225825838401,-120.993998352649,0.0
WESTPORT_LNODEDR3,37.5223769944682,-120.993990429526,0.0
WESTPORT_LNODEDR5,37.5225172095941,-120.993995815213,0.0
WESTPORT_LNODEDR7,37.5224455031416,-120.903973009416,0.0
WIL_SUB_LNODEONB,33.797999999988214,-118.25794584458627,0.0
WIL_SUB_LNODEONC,33.797999999988214,-118.25805415541372,0.0
WOODRW_LNODECEU,37.66469443998625,-121.04449847780575,0.0
WOODRW_LNODELD2,37.66469443998625,-121.04461272219426,0.0
