node_id,lat,lon,price_dp
0096WD_7_N002,35.440039999987434,-119.13131516955063,29.96866
3EMIDIO_6_N001,35.02051774,-119.0626791,30.14977
3EMIDIO_6_N002,35.02051773995017,-119.06256889029795,30.14977
3EMIDIO_6_N003,35.020427484140036,-119.0626791,30.14977
4C744C12_7_N002,35.24735999994994,-118.86084971115429,30.09544
4C744C32_7_N002,35.24735999994994,-118.86107028884571,30.09802
8TH_ST_LNODEBXG,37.64197726998626,-121.00603849646912,32.19496
8TH_ST_LNODELZF,37.64197726998626,-121.00615270353089,32.19496
A100US_1_B1,37.62510247,-122.1166769,33.81305
ACTONSC_6_N001,34.510158,-118.199383,29.01634
ADLNTO_LNODEDC1BURB,34.55,-117.44,28.14561
ADLNTO_LNODEDC1GLEN,34.54999999995084,-117.43989019738174,28.14561
ADLNTO_LNODEDC1LADWP,34.549909563045524,-117.43989019750109,28.14561
ADLNTO_LNODEDC2BURB,34.54984561454145,-117.43996783961737,28.14561
ADLNTO_LNODEDC2GLEN,34.54983032146246,-117.44007606070501,28.14561
ADLNTO_LNODEDC2LADWP,34.549861644418996,-117.44017906687948,28.14561
ADLNTO_NDC1,34.549927601755336,-117.44025419088157,28.14561
ADLNTO_NDC2,34.550013072465426,-117.4402900765519,28.14561
AEC300_1_N001,37.74,-121.48,32.26241
AERA12_7_N001,35.952012,-120.860226,30.88426
AGER_LNODE35,41.8675,-122.46414,15.06506
AGNEW_1_N003,37.51,-121.84,33.74957
AGNEW_6_N001,37.39141282968642,-121.96760028543572,33.5607
AGNEW_6_N002,37.39141282968642,-121.96771400856429,33.5607
AIRPROD_1_N001,36.65,-119.54,31.1847
AIRWAYS_1_N001,36.77840245723695,-119.6739507,31.09932
AIRWAYS_1_N004,36.77832158136724,-119.67389240268693,31.21057
AIRWAYS_1_N018,36.77832158136724,-119.67400899731307,31.21057
ALAMITOS_2_N001,33.771584,-118.100596,28.20548
ALAMITOS_2_N040,33.77,-118.1,28.20548
ALAMT1G_7_N002,33.77143038978412,-118.10056429476926,28.20548
ALAMT2G_7_N002,33.77144633917227,-118.10077253262283,28.20548
ALAMT3G_7_N002,33.771511965310076,-118.10084659342048,28.20548
ALAMT4G_7_N002,33.771597006833865,-118.1008819712055,28.20548
ALAMT5G_7_N002,33.771686855225234,-118.1008760572907,28.20548
ALAMT6G_7_N002,33.77183464117273,-118.10075806084072,28.20548
ALHAMBRA_1_N001,37.99408499998608,-122.13031167024367,34.0616
ALHAMBRA_1_N002,37.99408499998608,-122.13042632975633,34.0616
ALLEGHNY_6_N001,39.46489299998558,-120.84488799308969,35.23684
ALMADEN_6_N001,37.26026999998649,-121.89002528823042,33.87893
ALMADEN_6_N009,37.26026999998649,-121.89013871176958,33.87893
ALPAUGH_1_N004,35.9634105,-119.4567964,30.02299
ALPAUGH_7_N002,35.9633209452724,-119.4567964,30.02299
ALPINE_6_N001,32.82778299998866,-116.78987271391081,28.00446
ALPINE_6_N005,32.82778299998866,-116.78997928608918,28.00446
ALTO_6_N001,37.89825299998615,-122.52430271885964,38.55136
ALTO_6_N101,37.89825299998615,-122.52441728114036,38.55136
ALTURAS_LNODE17,41.49972,-120.53306,15.2627
AMERIGAS_1_N001,38.43,-121.79,33.40653
AMESBS_1_N004,37.41751022008469,-122.066192,33.49602
AMESBS_1_N101,37.41742888994297,-122.06613287861066,33.49602
AMESDST_1_N001,37.41742888994297,-122.06625112138934,33.49602
AMFORST_6_N001,38.369191999986,-120.79657754861613,31.87932
ANAHEIM_6_N001,33.8531627,-117.857995,28.07991
ANAVERDE_6_N001,34.568588,-118.149401,29.06291
ANDERSON_6_N001,40.449838,-122.305068,12.59854
ANGIOLA_6_N001,35.992007,-119.57137,31.44463
ANITA_6_N001,39.81104699998532,-121.91970256777769,13.91045
ANITA_6_N006,39.81104699998532,-121.91981943222231,13.91045
ANNAPOLS_6_N001,38.680315,-123.311782,45.57479
ANTELOPE_6_N001,35.65811699998739,-119.99595979071039,30.11131
ANTLER_6_N001,40.893581,-122.379244,12.08262
APPLEHL_1_N001,38.73983594994359,-120.67700082010276,34.42576
APPLEHL_1_N002,38.73974618819719,-120.6771159,34.42576
APPMAT_1_N001,37.359999999986435,-121.97994317305394,33.56329
APPMAT_1_N010,37.359999999986435,-121.98005682694607,33.56329
ARBUCKLE_6_LN001,39.01762490998577,-122.06151734734088,21.24209
ARBUCKLE_6_N001,39.01762490998577,-122.06163265265913,21.24209
ARBURUA_6_N001,36.94007738,-120.9238172,31.05966
ARCATA_6_LN001,40.86722276626079,-124.08816631128593,11.91661
ARCATA_6_N001,40.86704189361579,-124.08816631161257,11.91661
ARVINED_1_N001,35.15044599998752,-118.87870286987292,30.06439
ARVIN_6_N001,35.15044599998752,-118.87881313012709,30.09285
ASHLAN_2_N001,36.79263892472445,-119.82749,30.95202
ASHLAN_2_N007,36.7925580376235,-119.82743168375806,30.95202
ASHLAN_2_N008,36.7925580376235,-119.82754831624194,30.95202
ASH_6_N001,33.1365697302963,-117.070292,30.57674
ASH_6_N005,33.13648913483958,-117.0702364310647,30.57674
ASH_6_N101,33.13648913483958,-117.07034756893529,30.57674
ASPEN_LNODESPEN,37.69337956,-122.069288,25.38187
ATASCDRO_6_N001,35.465309,-120.671582,30.32744
ATWATER_1_B2,37.35999599998639,-120.6146481730584,31.65352
ATWATER_1_N001,37.35999599998639,-120.6147618269416,31.65352
AUBERRY_6_N001,37.06806099998665,-119.495719527536,31.85617
AUBERRY_6_N003,37.06806099998665,-119.495832472464,31.85617
AUBURN_6_N001,38.903397,-121.069921,35.1683
AVENA_1_N001,37.842208,-121.054122,32.22877
AVENGEN_7_B1,35.9776884492561,-120.11683334055562,30.28242
AVOCADO_6_N001,33.38472079977583,-117.236977,30.44431
AVOCADO_6_N002,33.384640100099574,-117.23692120092345,30.44431
AVOCADO_6_N009,33.384640100099574,-117.23703279907656,30.44431
AVSOLAR_7_N007,34.789500999987624,-118.43132596892313,28.60274
BAFOOD1_6_N001,36.33,-121.16,31.51037
BAHIA_2_N001,38.08095331088854,-122.13739126700075,33.61436
BAHIA_2_N011,38.08077268899996,-122.13739126728416,33.61436
BAILYJ1_1_N010,34.776039999987624,-118.77498497466301,32.91769
BAILYJ1_1_N011,34.776039999987624,-118.77509502533698,32.91769
BAIR_1_LN001,37.49764234,-122.2140549,33.83375
BAIR_1_N001,37.496937,-122.214157,33.83375
BAKER_1_N001,35.284771,-116.064256,27.70692
BALCH1_7_N001,36.908933,-119.087736,30.46027
BALFOUR_6_N001,37.92596,-121.678546,33.29837
BANGOR_6_N001,39.388063999985675,-121.40287907085172,38.37853
BANNING_1_N001,33.92234307044413,-116.87283,27.24646
BANNING_1_N004,33.92226196476511,-116.87277356877394,27.24646
BANNING_1_N010,33.92226196476511,-116.87288643122605,27.24646
BANTA_6_N001,37.7528989999862,-121.35057581075783,32.54183
BARRETT_6_N001,32.667194,-116.700208,28.2606
BARRE_6_N001,33.80900298319592,-117.98332966316445,28.15494
BARRE_6_N002,33.80900298319592,-117.98354633683554,28.15494
BARRE_6_N003,33.80918301670945,-117.9835463370635,28.15235
BARRY_6_N001,39.069323,-121.690208,36.44508
BARTLP_1_N003,37.36083333,-121.8638889,33.67972
BARTON_1_N001,36.76408490976673,-119.735935,31.09294
BARTON_1_N007,36.76400404510246,-119.73587672164825,31.09294
BARTON_1_N008,36.76400404510246,-119.73599327835174,31.09294
BAR_LA_LNODESS1,35.23999999998752,-118.05994485657591,29.82949
BAR_LA_LNODESS2,35.23999999998752,-118.0600551434241,29.82949
BASALT_6_N002,38.26328599998595,-122.26916657483297,37.81796
BASALT_6_N101,38.26328599998595,-122.26928142516702,37.81796
BASILONE_6_N004,33.387598,-117.58248,30.41972
BATAVIA_6_N001,38.385820999985995,-121.77570654480984,33.55142
BATIQTOS_1_N001,33.1011727252775,-117.250399,30.96564
BATIQTOS_1_N008,33.101092137348985,-117.25034345864424,30.96564
BATIQTOS_1_N015,33.101092137348985,-117.25045454135577,30.96564
BAYMDWS_1_N001,37.55162541726735,-122.29307795256243,33.81564
BAYMDWS_1_N004,37.551444582623034,-122.29307795283914,33.81564
BAYMDWS_1_N008,37.551444582623034,-122.29330604716085,33.81564
BAYMDWS_1_N012,37.55162541726735,-122.29330604743757,33.81564
BAYSHOR1_1_N001,37.74603599998622,-122.40302381566526,33.91913
BAYSHOR2_1_N001,37.74603599998622,-122.40313818433472,33.91913
BAYWOOD_6_N001,35.360177,-120.811564,30.57184
BCHIPMIL_6_N001,40.87204771,-123.9749277,12.02269
BCKSCRK_7_N001,39.9104901899853,-121.32745377121508,35.35912
BDGRHLL_6_N001,35.83494799998733,-119.94256773586105,30.16047
BDGRHLL_6_N004,35.83494799998733,-119.94267826413895,30.16047
BDLARKSP_6_N004,32.56759260819039,-116.9424413,33.00648
BEALE1_6_N001,39.11366999998575,-121.33304229106656,34.70387
BEALE2_6_N001,39.11366999998575,-121.33315770893344,34.70387
BEARTAP_1_N001,35.38,-119.0,30.02817
BELLEF_7_CN10,39.776083,-122.10383,28.50443
BELLEF_7_CN11,39.77608299994151,-122.10371323062876,28.50443
BELLPGE_1_N001,38.947418999985814,-121.0911283822858,35.09845
BELLPGE_1_N005,38.947418999985814,-121.0912436177142,35.09845
BELLVUE_1_N001,38.379084046922976,-122.712022,40.39746
BELLVUE_1_N003,38.37900297652332,-122.711962292445,40.39746
BELLVUE_1_N005,38.37900297652332,-122.712081707555,40.39746
BELMONT_1_N001,37.52332024549896,-122.264967,33.86479
BELMONT_1_N006,37.52323887723573,-122.26490776711239,33.86479
BELMONT_1_N008,37.52323887723573,-122.26502623288762,33.86479
BELRIDGE_1_N001,35.45572199998739,-119.63184782823049,29.69183
BELRIDGE_1_N002,35.45572199998739,-119.63195817176951,29.69183
BERESFRD_6_N001,37.565013999986284,-122.31923796388803,33.74319
BERESFRD_6_N002,37.565013999986284,-122.31935203611197,33.74319
BERNARDO_6_N001,33.021575,-117.096228,30.37484
BERNARDO_6_N002,33.021574999954524,-117.09612121988424,30.37484
BERNARDO_6_N009,33.02148546856512,-117.096228,30.37484
BERNARDO_6_N013,33.021574999954524,-117.09633478011577,30.37484
BERNARDO_6_N014,33.0216645314348,-117.096228,30.37484
BERVLLY_6_N001,37.586478,-120.125088,7.71932
BESSGEN_7_N004,33.12537170257462,-117.11682528223366,30.51113
BIGBAR_6_N001,40.74431787,-123.2062128,14.34908
BIGBASN_6_N001,37.129545,-122.172132,33.5219
BIGCRK1_7_N001,37.20203293082091,-119.24090286336467,24.42485
BIGGS_6_N001,39.40889559,-121.6915434,39.2953
BIGLAGN_6_N001,41.16264397,-124.1019717,12.15981
BIGMDWS_6_N001,40.171215,-121.085128,39.07095
BIGRIVR_6_N001,39.311461,-123.786522,-7.55574
BIGSPRIN_LNODELD1,41.616776,-122.39929,15.27177
BIOLA_6_N001,36.792525,-120.114116,31.79288
BIXLER_6_N001,37.9370142319286,-121.528389,31.81411
BKR111_7_N003,35.388208667768176,-119.00435227492993,29.83412
BKRSFLD_2_N001,35.388208667768176,-119.00457292507006,29.82636
BKRSFLD_2_N101,35.38838855213151,-119.00457292531611,29.82636
BLACKWLL_7_N003,35.6141993352003,-119.85363133518518,29.92762
BLLEHVN_6_N001,37.4772652825887,-122.16793304841748,34.0252
BLLEHVN_6_N002,37.477186999945324,-122.16787609695427,34.0252
BLLEHVN_6_N004,37.477108717384,-122.1679330485368,34.0252
BLLEHVN_6_N006,37.477108717384,-122.1680469514632,34.0252
BLLEHVN_6_N007,37.477186999945324,-122.16810390304572,34.0252
BLUELKE_6_N001,40.880139999984536,-123.98052419448959,12.04856
BLUELKE_6_N010,40.880139999984536,-123.98064380551041,12.04856
BLUSTNPP_6_N003,38.575523,-121.497588,29.9509
BLYTHESC_1_N005,33.61495699998827,-114.68288105808304,24.3287
BNAVSTA_6_N001,36.653344,-121.62946,32.66222
BNAVSTA_6_N002,36.65334399994771,-121.62934811906177,32.66222
BNTACRB_6_N001,37.7528989999862,-121.35069018924217,32.73587
BOGARD_6_N001,40.586552,-121.093959,11.66473
BOGUE_1_N001,39.09616655735555,-121.6236556041389,36.6583
BOGUE_1_N015,39.095987442530685,-121.62365560443203,36.6583
BOGUE_1_N201,39.095987442530685,-121.62388639556798,36.6583
BOLINAS_6_N001,37.941119,-122.707332,38.36766
BOLLMAN_1_N003,38.04,-121.98,34.02538
BOLTHSE_1_N009,35.362159,-118.923677,30.13166
BONITA_6_N001,36.967863,-120.20266,31.43325
BONNIEN_7_N001,39.214314999985774,-120.80917722077704,35.01916
BORDEN_2_N007,36.92227399998671,-119.98422371699712,38.0
BORDER_6_N001,32.566281,-116.944389,33.00648
BORDER_6_N0018,32.56628099995522,-116.94428258752973,33.00648
BORDER_6_N008,32.56620333382154,-116.94433579381094,33.00648
BORDER_6_N013,32.56620333382154,-116.94444220618907,33.00648
BORONDA_6_N001,36.689983,-121.679239,32.47853
BOSWELL_6_N001,36.085115,-119.552823,31.44463
BOTTLEG_7_N001,33.923052,-116.901227,26.7036
BOULEVRD_7_CN1,32.662175999989024,-116.27217177166342,25.57409
BOWERSJ_6_N001,37.37057750378637,-121.97553596930213,33.91257
BOWERSJ_6_N002,37.37057750378637,-121.97564964669786,33.91257
BOWLES_6_N001,36.605651,-119.773312,31.45912
BP21Z_6_N001,35.242132145992656,-119.62433411266893,29.69441
BPFFD_1_N001,35.242132145992656,-119.62455468733106,29.69183
BRDGVLT_7_N001,40.479622194160655,-123.780401,10.63652
BRDGVLT_7_N003,40.479540902903295,-123.78046270284797,10.63652
BRDWAY_7_N004,34.125226999951806,-118.15210094450055,28.15667
BREEZE_6_N001,35.12397117557631,-118.37398174859348,28.30779
BREEZE_LNODEYT1,35.12379082432393,-118.37420225116239,25.81876
BREEZE_LNODEYT2,35.12397117557631,-118.37420225140652,25.81876
BREGGEN_7_N001,33.270864089541455,-116.34805881401336,31.88278
BREGGEN_7_N002,33.270864089541455,-116.34817018598665,31.88278
BRENTWOD_2_N001,37.91959423612686,-121.676423,32.8944
BRENTWOD_2_N006,37.91951288192155,-121.67636345967551,32.8944
BRENTWOD_2_N011,37.91951288192155,-121.67648254032449,32.8944
BRGSMR_LNODEGZB,37.66621999998627,-120.97704287657282,32.19237
BRGSMR_LNODETHU,37.66621999998627,-120.97715712342718,32.19237
BRIGTANO_6_N001,36.88169521,-121.6033017,33.08912
BRIONES_6_N001,37.88551256,-121.8145525,33.36046
BRITTN_1_N001,37.37433620668406,-122.015575,33.55812
BRITTN_1_N005,37.37425489664326,-122.01551592726007,33.55812
BRITTN_1_N006,37.37425489664326,-122.01563407273993,33.55812
BRKRSLG_1_N005,38.57552299994369,-121.49747300547165,35.39169
BROKAW_6_N001,37.35614030048636,-121.93994208836567,33.80132
BROKAW_6_N002,37.35614030048636,-121.94005573363432,33.80132
BRRNDAA_6_N001,35.65811699998739,-119.99607020928961,30.07509
BRRNDAC_6_N001,35.658183,-120.040362,30.10614
BRUNSWCK_1_N003,39.23119771901711,-121.034946,35.18216
BRUNSWCK_1_N008,39.23111714047599,-121.03488594065819,35.18216
BRUNSWCK_1_N101,39.23111714047599,-121.03500605934181,35.28823
BRWNSVY_6_N001,39.226226,-121.422634,37.73427
BRYPTLM_6_N001,35.09326574,-119.443811,29.71252
BSCLPLD_6_N001,35.08218043,-119.304274,30.02041
BUELLTON_1_N001,34.625261999987686,-120.18631205143852,30.62876
BUELLTON_1_N003,34.625261999987686,-120.18642194856149,30.62876
BUENAVS1_7_B1,36.653254242119594,-121.62934811919219,29.78238
BUENAVS1_7_B3,36.65319077379855,-121.6294272308971,29.78238
BUENAVS1_7_B4,36.653175595551595,-121.62953750035395,29.78238
BUENAVS1_7_B5,36.65320668330105,-121.62964245619625,29.78238
BUENAVS1_7_B6,36.653272145363964,-121.6297190021347,29.78238
BUENAVS1_7_B7,36.65335697428145,-121.62975556706088,29.78238
BUENAVS2_7_B1,36.65344659805961,-121.62974945473616,29.76944
BUENAVS2_7_B3,36.653528699704175,-121.62970424026268,29.76944
BUENAVS2_7_B4,36.653594014575496,-121.62962749889522,29.76944
BUENAVS2_7_B5,36.653636508590544,-121.62952895027708,29.76944
BULLARD_1_N001,36.824388,-119.769224,31.05154
BULLARD_1_N004,36.824387999947184,-119.76911168846675,31.05154
BULLARD_1_N005,36.824298097276774,-119.769224,31.05154
BULLARD_1_N006,36.824387999947184,-119.76933631153325,31.05154
BURLNGME_1_N001,37.589627,-122.363434,33.75613
BURNEY_6_N002,40.88795613096115,-121.6707669,11.58194
BURNEY_7_N002,40.887874739502756,-121.67082905855457,11.58194
BURNSJ1_6_N003,37.09524,-122.14417,33.57364
BUTTE_1_N010,39.7118129999855,-121.81325170045862,40.43184
BUTTE_1_N101,39.7118129999855,-121.81336829954137,40.43184
B_6_N001,32.714377595830264,-117.16944251257752,32.18005
B_6_N003,32.714198404079745,-117.16944251279143,32.18005
B_6_N005,32.714198404079745,-117.16965548720856,32.18005
B_6_N007,32.714377595830264,-117.16965548742249,32.18005
C4931_6_N003,32.73843399998874,-115.99415574838443,26.18912
C590M1_7_N005,32.80453799998867,-115.54641072366262,23.58362
CABRILLO_1_N001,32.707505595112,-117.2449797584557,30.52268
CABRILLO_6_N001,32.70742799995502,-117.24492651700402,32.17316
CABRILLO_6_N004,32.70735040486553,-117.24497975854831,32.17316
CADET_6_N001,35.09081798998752,-119.40696638038531,29.82636
CALAVE_1_N001,36.71900181109094,-119.76554095699167,31.16141
CALAVE_1_N002,36.718822188804005,-119.76554095725366,31.16141
CALAVE_1_N004,36.718822188804005,-119.76576504274634,31.16141
CALCEDA_6_N001,37.94482769,-121.3105701,32.14875
CALCMENT_7_N4,37.37,-120.64,28.47855
CALCMNT_6_N001,35.030055,-118.310776,31.93106
CALEVRAS_1_N001,37.586852,-121.869766,33.2592
CALFLAX_6_N001,36.28403534998721,-120.12217745300707,30.09097
CALFLAX_6_N024,36.28403534998721,-120.12228854699293,30.09097
CALISTGA_6_N001,38.5926639999859,-122.57856249875155,45.56703
CALLENDR_1_N001,35.04,-120.6,30.59513
CALMAT60_6_N001,37.67387666,-121.8355963,33.66437
CALPELLA_1_N001,39.197538,-123.192135,-3.77594
CALVO_6_N001,37.74730133,-121.3267185,32.51078
CAMANCPP_2_N001,38.2134438,-121.0247365,31.19799
CAMDEN_6_N001,36.446312771281995,-119.799098,31.9569
CAMDEN_6_N002,36.446232114345065,-119.79904011033697,31.9569
CAMERON_6_N001,32.65329977639838,-116.488126,28.29682
CAMINO_2_N001,34.83,-114.99,24.43135
CAMPHORA_6_N001,36.46829799998704,-121.39017127220814,32.67775
CAMPHORA_6_N003,36.46829799998704,-121.39028272779186,32.67775
CAMPUS_1_LN001,38.54527777998592,-121.73383140960435,35.65456
CAMPUS_1_N003,38.54527777998592,-121.73394639039566,35.68561
CANAL_6_N001,37.066423071736246,-120.835478,31.24594
CANAL_6_N006,37.06634196411742,-120.83541931437668,31.24594
CANANDGA_6_N001,36.92817,-120.1070821,31.28319
CANBY_BP_LNODEACW,41.444925999984385,-120.88087787131334,4.1947
CANBY_BP_LNODEVEC,41.444925999984385,-120.88099812868666,4.1947
CANNON_1_N025,33.13751869069269,-117.33264215598749,30.85642
CANNON_1_N026,33.13733958921585,-117.33264215620572,30.85642
CANNON_1_N027,33.13733958921585,-117.33285604379427,30.85642
CANNON_1_N028,33.13751869069269,-117.3328560440125,30.85642
CANTGEN_7_N001,36.42933,-120.34215,30.9948
CANYONP2_7_N001,33.85316269995253,-117.85788655941667,28.07991
CANYONP2_7_N002,33.853072643571636,-117.857995,28.07991
CANYONP3_7_N001,33.85316269995253,-117.85810344058333,28.07991
CANYONP3_7_N002,33.85325275642836,-117.857995,28.07991
CAPAY_6_N001,39.775993256822886,-122.10383,13.0489
CAPEHORN_6_N001,39.11994846,-120.9435307,35.0528
CARBONA_6_N003,37.69218399998622,-121.41818185598439,32.53665
CARBONA_6_N101,37.69218399998622,-121.4182961440156,32.53665
CARGILL_6_N001,37.90883295,-121.2712152,32.43593
CARLOTTA_6_N001,40.541122999984744,-124.06382054930958,10.80848
CARLOTTA_6_N003,40.541122999984744,-124.06393945069041,10.80848
CARLTNHS_1_N001,32.85503754591703,-117.01185140348343,31.04512
CARLTNHS_1_N004,32.85485845399255,-117.01185140369861,31.04512
CARNATIO_6_N001,35.311332,-119.083574,30.42919
CARNERAS_6_N001,35.541055,-119.805238,30.03887
CARODEAN_1_N001,34.14914429366959,-116.12379789416093,27.6971
CARODEAN_1_N017,34.148963706233765,-116.12401610560582,27.6971
CARODEAN_1_N019,34.14914429366959,-116.12401610583908,27.6971
CAROLNDS_6_N001,37.55291899998627,-122.37633097506193,33.4598
CAROLNDS_6_N002,37.55291899998627,-122.37644502493806,33.4598
CARQUINZ_1_N001,38.09103799998602,-122.24848662968667,37.96664
CARQUINZ_1_N002,38.09103799998602,-122.24860137031332,37.96664
CARRIZO_1_N001,35.3805629695311,-120.040252,29.98954
CARTWRT_1_N001,37.78999999998617,-122.24994278512781,33.97363
CARTWRT_1_N010,37.78999999998617,-122.25005721487219,33.97363
CARUTHRS_6_LN001,36.53218998,-119.8817036,30.97013
CARUTHRS_6_N001,36.531554,-119.882758,30.97013
CASSIDY_6_N004,36.92362589,-119.8127207,31.24179
CASTAC_6_N001,34.91864164,-118.9261908,30.19375
CASTELLA_LNODE,41.146254,-122.319747,21.06508
CASTROVL_2_N001,37.69127699998625,-122.06100285669102,33.6761
CASTROVL_2_N003,37.69127699998625,-122.06111714330898,33.6761
CASTROVL_2_N006,36.76278384840137,-121.73625384648868,33.6761
CAS_LA_LNODESMW,34.587237,-118.656638,28.36209
CAS_PP_LNODESS3,34.587236999950775,-118.65652814911085,28.36209
CATALYST_7_N001,37.33647699998642,-121.87909619952335,33.61762
CATLETT_6_N001,38.808811,-121.516115,36.28209
CATLETT_6_N005,38.80881208,-121.5164185,36.28209
CAWELOB_6_N001,35.57097799998741,-119.11546380934058,30.17305
CAWELOC_1_N001,35.57097799998741,-119.11557419065942,30.22738
CAYETANO_2_N001,37.738441719986184,-121.77096762115637,33.37977
CAYUCOS_6_N001,35.44865399998744,-120.8703058292383,30.62876
CAYUCOS_6_N006,35.44865399998744,-120.8704161707617,30.62876
CCOSTA_2_N001,37.998693,-121.783314,33.14692
CCSUB_1_N001,38.03,-121.75,33.18711
CCSUB_2_N001,38.01999999998606,-121.75994265860079,33.17935
CCSUB_2_N010,38.01999999998606,-121.7600573413992,33.17935
CCSUB_2_N025,37.99928,-121.78269,33.17935
CEDARVIL_LNODED1,41.53156,-120.18194,15.45916
CEDRCRK_6_N101,40.791141869564385,-121.93782993223053,10.85542
CELERON_6_N001,35.47518447998747,-119.76041242538307,30.35416
CELERON_6_N002,35.47518447998747,-119.76052277461693,30.35416
CENTERS_6_N001,33.928884073837764,-118.105463,28.28586
CENTERS_6_N200,33.9288029630683,-118.10551943910147,28.28586
CENTRAL_6_N001,37.381735384886426,-121.97835956300948,33.9669
CENTRAL_6_N002,37.381735384886426,-121.97847326499053,33.9669
CERTTEED_1_N001,37.059999999986665,-120.07994353791257,32.79848
CERTTEED_1_N002,37.059999999986665,-120.08005646208743,32.79848
CHALLNGE_6_N001,39.48543,-121.220509,34.69352
CHANNEL_6_N001,37.95526599998612,-121.33242068885451,32.08924
CHARKA_1_LN001,35.60801139375494,-119.32546543654307,30.04628
CHARKA_1_N001,35.60801139375494,-119.32558016345693,30.04628
CHCARITA_1_N001,32.9600895309367,-117.08989329478639,30.65307
CHCARITA_1_N004,32.95991046897258,-117.08989329500262,30.65307
CHCARITA_1_N008,32.95991046897258,-117.09010670499737,30.65307
CHEROKEE_6_N001,38.005513,-121.237769,32.43593
CHESTER_6_N001,40.304405,-121.224282,39.22619
CHEVLHLS_6_N001,35.60555844317911,-119.70826753707485,30.19669
CHEVMAIN_6_N001,33.90361099998812,-118.41411272071318,28.52009
CHEVPIPE_6_N001,37.0873093,-121.0171895,30.95876
CHEVPLIN_6_N001,35.99686801,-119.9613332,30.30054
CHICOA_6_N001,39.71879299998543,-121.82096169136352,40.43443
CHICOA_6_N010,39.71879299998543,-121.82107830863647,40.43443
CHICOB_1_N001,39.725493999985424,-121.84718768259572,40.27661
CHICOB_1_N002,39.725493999985424,-121.84730431740428,40.27661
CHINO_6_N007,33.998301818402325,-117.67886922357054,27.86637
CHINO_6_N008,33.998301818402325,-117.67908677642946,27.86637
CHLDHOSP_1_N001,36.87,-119.81,31.00756
CHOLAME_6_N001,35.686521849987386,-120.33605028358014,30.61582
CHOLAME_6_N002,35.686521849987386,-120.33616071641987,30.61582
CHOLLAS_6_N001,32.744058749573895,-117.046316,32.81892
CHOLLAS_6_N008,32.743978125200904,-117.04626065732346,32.81892
CHOLLAS_6_N009,32.743978125200904,-117.04637134267654,32.81892
CHSTN_1_N001,38.09,-120.3,29.96356
CHWCHLLA_1_N001,37.12075999994629,-120.25049792043754,32.6924
CHWCHLLA_1_N002,37.12066983427897,-120.250611,32.6924
CIMA_2_N101,35.2691,-115.49292,26.28492
CISCOTAP_6_N001,39.30944786,-120.5485424,34.69576
CITYUKH_1_B1,39.14300254479826,-123.19181754359136,-4.63583
CLAIRMNT_6_N008,32.825943,-117.184096,32.18845
CLAMMNA_1_N001,37.807826,-121.276142,32.47197
CLARKRD_7_N001,39.6546447946953,-121.635292,39.35484
CLARMNT_1_N001,32.825942999954904,-117.18398942940657,33.9193
CLAUS_LNODEKSN,37.639389999986214,-120.91954289863075,32.19237
CLAUS_LNODESME,37.639389999986214,-120.91965710136925,32.19237
CLAYTN_1_N001,38.34245511038229,-120.93484110965764,33.85203
CLAYTN_1_N004,37.943825,-121.969415,33.85203
CLAYTN_1_N029,38.3422748895056,-120.93484110994348,33.85203
CLAYTN_1_N030,38.3422748895056,-120.93507089005652,33.85203
CLAY_6_N001,38.34245511038229,-120.93507089034236,31.71632
CLAY_6_N005,38.34236525,-120.9349563,31.71632
CLEARCT_7_N002,33.889805,-117.58836,27.81204
CLEARGEN_6_N001,33.889714911001306,-117.58836,27.81204
CLEARLAO_LNODE44,41.704981,-121.276741,15.12374
CLERLKE_6_N001,39.007954999985856,-122.89377935245265,-11.46724
CLERLKE_6_N012,39.007954999985856,-122.89389464754734,-11.46724
CLMBAHL_6_N001,39.331874,-121.101368,34.83582
CLMBAST_1_LN001,38.02588,-121.86295,33.88567
CLOVIS_1_N001,36.826043942491545,-119.681281,31.14589
CLOVIS_1_N004,36.825963028740034,-119.68122263908639,31.12778
CLOVIS_1_N101,36.825963028740034,-119.68133936091361,31.14589
CLOVRDLE_1_N001,38.795757,-123.011412,-3.86222
CLRKSVLE_1_N001,38.655559898770534,-121.060175,34.52667
CLRKSVLE_1_N003,38.655479050599546,-121.06011522698469,34.52667
CLRKSVLE_1_N004,38.655479050599546,-121.0602347730153,34.52667
CLRMNT_7_N002,32.8260325535329,-117.184096,32.18845
CLSAJCT_6_N001,39.190857,-121.990506,20.97819
CLWTER_2_N003,35.39850993300358,-118.93957167203409,33.78459
CMPEVRS_1_N001,37.041635999986624,-122.02530956161661,32.98304
CMPEVRS_1_N002,37.041635999986624,-122.02542243838339,32.98304
CNTRVL12_7_N001,39.78960159,-121.6583176,39.01591
CNTRYCB_6_N001,37.97966036733168,-121.31639835392943,33.43843
CNTRYCB_6_N002,37.979479632557,-121.31639835421177,33.43843
CNTRYCB_6_N004,37.979479632557,-121.31662764578823,33.43843
CNTRYCB_6_N006,37.97966036733168,-121.31662764607057,33.43843
COLHAT_6_N001,40.40092562,-122.141032,12.44211
COLLINS_7_N001,40.30244242,-121.2270199,39.22101
COLNGA1_6_N001,36.13602399998719,-120.34444457141348,30.13754
COLNGA1_6_N002,36.13602399998719,-120.34455542858652,30.13754
COLNGA2_6_N001,36.236577,-120.315114,30.08838
COLONY_6_N001,38.190132,-121.181632,33.07292
COLUMBUS_1_N001,35.398330066896115,-118.93957167228022,30.0411
COLUMBUS_1_N003,35.398330066896115,-118.93979232771979,30.0411
COLUMBUS_1_N005,35.39850993300358,-118.9397923279659,30.0411
COLUSAG1_2_LN001,39.21361111,-122.003018,25.27732
COLUSAG2_2_LN001,39.2136111099429,-122.0029024426207,25.26956
COLUSA_6_N001,39.2135335719588,-122.00296022137415,21.78023
COLUSA_6_N004,39.2135335719588,-122.00307577862586,21.78023
COLWATER_1_LN001,34.860151999950354,-116.85307688319033,28.92062
COLWATER_1_N001,34.86007374913347,-116.85313194164753,28.92062
COLWATER_1_N002,34.86007374913347,-116.85324205835246,28.92062
COLWATER_2_LN001,34.86023025084167,-116.85324205845721,26.94636
CON25_1_N001,38.04814999998604,-122.25918164663241,34.11335
CON25_1_N002,38.04814999998604,-122.25929635336759,34.11335
CONCHO_1_N002,33.785845,-116.342689,27.05271
CONTADNA_1_N001,36.29,-119.71,30.72002
CONTROLX_1_N001,37.342839,-118.471988,-28.90819
CONTROL_7_N001,37.34291722503321,-118.47193119226046,-28.55891
CONTROL_7_N022,37.33542299994568,-118.48073640143991,-28.2599
CONTROL_7_N023,37.33533267793508,-118.48085,-29.76601
CONTROL_7_N024,37.33542299994568,-118.48096359856008,-30.23665
CONTROL_7_N025,37.33551332206491,-118.48085,-29.11
COPCO2_LNODE21,41.97667,-122.36167,14.77714
COPPRMNE_6_N001,36.895862,-119.664596,31.2844
COPUS_6_LN001,35.09329,-119.2788,30.02299
COPUS_6_N001,35.093593,-119.278466,30.02299
CORCORAN_1_N001,36.10957699998725,-119.55797958991954,31.29974
CORCORAN_1_N005,36.10957699998725,-119.55809041008045,31.29715
CORDELIA_1_N186,38.21606564998596,-122.11202498806371,33.64197
CORDELIA_6_N001,38.21606564998596,-122.11213981193629,37.81538
CORDPMP_6_N003,38.575433098781254,-121.497588,37.90852
CORNING_6_N004,39.93198099998522,-122.18732639815484,13.72158
CORNING_6_N006,39.93198099998522,-122.18744360184516,13.72158
CORONADO_6_N001,32.698823762005226,-117.173249,32.2606
CORONADO_6_N002,32.69874311898509,-117.17319367259638,32.2606
CORONA_1_N001,32.69874311898509,-117.17330432740361,38.77577
CORRAL_6_N001,38.1014979999861,-120.92635462577833,31.86121
CORRAL_6_N003,38.1014979999861,-120.92646937422167,31.86121
CORRECT_6_N001,35.1088,-118.5669,27.49023
CORSGOLD_1_N001,37.22751499998653,-119.69108432761332,31.47465
CORSGOLD_1_N003,37.22751499998653,-119.69119767238668,31.47465
CORTINA_1_N106,39.121407,-122.224176,19.24542
CORUM_6_N001,34.940591,-117.953023,28.40352
COTATI_6_N101,38.30970399998603,-122.73153156284509,45.31866
COTATI_6_N102,38.30970399998603,-122.73164643715491,45.31866
COTTLEA_2_N001,37.77271243200287,-120.82543059374856,31.51175
COTTLEA_2_N016,37.77253156788658,-120.82543059402842,31.51175
COTTLE_7_N001,37.77253156788658,-120.82565940597158,31.51175
COTWDPGE_1_N001,34.38040399998781,-116.87675022716886,12.4033
COTWDPGE_1_N030,40.39779,-122.26421,12.4033
COVELO6_6_N001,39.786283,-123.248563,2.07273
CPC-COLT_7_N001,34.057706,-117.340323,27.68129
CPLECEF_1_N001,37.25999999998651,-121.63994328855216,33.66937
CPLECEF_1_N005,37.25999999998651,-121.64005671144784,33.66937
CPMTAP_1_B1,38.65550583,-121.0601747,34.41541
CRANEVLY_6_N001,37.29143609998645,-119.52933235143264,32.06315
CRCANAL_6_N001,40.1384740349693,-122.208547,14.21954
CREELMAN_6_N001,33.018105,-116.853026,29.9782
CREELMAN_6_N004,33.01810499995454,-116.85291922433491,29.9782
CREELMAN_6_N014,33.018015468773,-116.853026,29.9782
CRESSEY_1_N001,37.42858222324868,-120.638747,31.74149
CRESTWD_6_N001,32.699023999988746,-116.35373376108788,28.31234
CRUSHER_6_N001,37.021645,-122.154383,33.59434
CRWSLDG_6_N001,37.377307,-121.085672,32.873
CRYSTLSG_6_N001,37.528913,-122.361067,33.54001
CSCCCA_7_N001,37.3681996,-121.9415923,33.78579
CSTRVLLE_1_N001,36.762604151493385,-121.73625384675147,32.1603
CUMMINGS_6_N001,35.109723,-118.494722,27.82916
CURTIS1_7_N001,37.974949221777045,-120.320668,29.42282
CURTISS_1_N101,37.974867889096444,-120.32072756943327,29.37108
CUYAMA_6_N003,34.927414051712425,-119.62146116057818,30.1627
CUYAMA_6_N004,34.92759468818806,-119.62146116082072,30.28948
CYMRIC_1_N001,35.31,-119.63,29.6556
DAIRYLND_1_N001,37.055221,-120.317015,32.47245
DAIRYLND_1_N011,37.05416666998663,-120.31661024543277,32.47504
DALYCTY_1_N001,37.69183743685224,-122.45558971251009,34.01744
DALYCTY_1_N005,37.69165656303749,-122.45558971278885,34.01744
DANA_6_N001,37.91111681,-121.2558718,32.38418
DANISHCM_1_N001,36.71900181109094,-119.76576504300833,31.15624
DAVISCR_LNODED1,41.73,-120.37,15.43777
DAVIS_1_N001,39.06008956957949,-121.70988464738468,35.65456
DAVIS_1_N007,39.05991043030674,-121.70988464767737,35.65456
DAVIS_1_N012,39.05991043030674,-121.71011535232263,35.65456
DCJ_6_N001,37.3631074066298,-121.943867041,33.91774
DCJ_6_N002,37.36302610222031,-121.94380798119127,33.91774
DCJ_6_N003,37.36302610222031,-121.94392610080872,33.91774
DECPTSG_2_N001,38.05999999998602,-121.86994264179833,33.72129
DECPTSG_2_N018,38.05999999998602,-121.87005735820168,33.72129
DEEPWATR_1_N101,38.55162999998592,-121.56020750817653,35.46551
DEEPWATR_1_N104,38.55162999998592,-121.56032249182347,35.46551
DELAMO_2_LN001,33.848224999952514,-118.09705957100974,28.32984
DELAMO_2_N001,33.84836303124857,-118.096994,28.32984
DELAMO_2_N014,33.84828198436281,-118.09693765855927,28.32984
DELAMO_2_N022,33.84828198436281,-118.09705034144073,28.32984
DELEVAN_2_LN001,39.36814099998561,-122.26949508988623,25.27991
DELEVAN_2_LN002,39.36814099998561,-122.26961091011377,25.27991
DELMAR_6_N001,38.7988788301003,-121.220655,31.39514
DELMAR_6_N001A,38.798798084934575,-121.22059518327069,35.12779
DELMAR_6_N005,38.798798084934575,-121.22071481672931,35.12779
DELMAR_6_N008,38.79882504,-121.2206552,35.12779
DELMAR_6_N010,32.980789999988666,-117.25535963525417,31.39514
DELMAR_6_N011,32.980789999988666,-117.25546636474583,31.39514
DELMNTE_1_N010,36.599053999987,-121.8539621246086,32.33882
DELMNTE_1_N201,36.599053999987,-121.85407387539139,32.33882
DELNORTE_LNODE50,41.86761799998422,-124.13905472462552,15.85358
DELNORTE_LNODE51,41.86761799998422,-124.13917527537447,15.85358
DELSUR_6_N001,34.7179256993675,-118.2880699984913,28.44974
DELSUR_6_N009,34.71808230060774,-118.28806999859546,28.44974
DELTAA_7_B1,37.80083,-121.62083,32.59549
DELTAA_7_B3,37.80082999994463,-121.62071555586219,32.59549
DELTAA_7_B4,37.80073957235167,-121.6207155560023,32.59549
DELTAB_7_B1,37.800675630438086,-121.62079648015816,32.59549
DELTAB_7_B3,37.80066033893136,-121.62090927588339,32.59549
DELTAC_7_B1,37.800691658649015,-121.62101663626287,32.59549
DELTAC_7_B3,37.8007576091769,-121.62109493587805,32.59549
DELTAD_7_B1,37.80084307107598,-121.62113233852405,32.59549
DELTAD_7_B3,37.80093336361948,-121.62112608618283,32.59549
DELTAE_7_B1,37.801016077904386,-121.62107983585311,32.59549
DELTAE_7_B3,37.801081880156175,-121.62100133633376,32.59549
DESCANSO_6_N001,32.86524,-116.633752,28.32269
DESCHUTS_6_N001,40.55536797998476,-122.23969993196376,12.15163
DESCHUTS_6_N015,40.55536797998476,-122.23981886803625,12.15163
DEVERS_1_C72,33.938301,-116.577855,26.81485
DEVERS_1_CN3,33.93830099995232,-116.57774636096323,26.81485
DEVERS_2_N118,33.938391131210025,-116.577855,26.81485
DEVLDNPP_6_N003,35.774930999987355,-119.97393475743563,29.93279
DEVLSDN_6_N001,35.774930999987355,-119.97404524256437,29.99747
DFS_1_N001,36.72,-120.6,30.89011
DGLSCTY_6_N001,40.646465,-122.9467947,13.35817
DIABLO1_7_LN001,35.21172399998751,-120.85484086052388,29.14471
DIABLO1_7_N001,35.215922999950024,-120.84743471985068,29.14471
DIABLO2_7_LN001,35.21172399998751,-120.85495113947611,29.15248
DIABLO2_7_N001,35.215922999950024,-120.84765528014933,29.15248
DIABLOCN_2_N001,35.21601309719158,-120.847545,30.17858
DINUBAE_7_N001,36.56893330486095,-119.41841731957626,31.40461
DINUBA_6_N001,36.56893330486095,-119.41864068042374,31.43825
DINUBA_6_N005,36.56911269503489,-119.41864068068313,31.43825
DIRYVLLE_6_N001,40.12799,-122.097838,13.74728
DISCOVRY_7_N001,35.43888889,-118.9986111,30.05663
DIST1500_6_N101,38.784633,-121.655532,36.07511
DIST2047_6_N201,38.85644499998589,-121.78597442060556,22.35977
DIST2047_6_N204,38.85644499998589,-121.78608957939444,22.35977
DIVIDE_6_N011,34.82805555998759,-120.43883385343877,30.42437
DIVISION_6_N001,32.6815959999886,-117.12003376624276,32.14818
DIVISION_6_N009,32.6815959999886,-117.12014023375725,32.14818
DIVVIDE_1_N021,34.82805555998759,-120.43894394656124,30.39332
DIXON-J1_6_N101,38.44545401121386,-121.826237,33.63938
DIXONLD_1_N001,37.45786138503085,-121.9212391363197,33.64091
DIXONLD_1_N002,37.457680614859875,-121.92123913659493,33.64091
DIXONLD_1_N008,37.457680614859875,-121.92146686340506,33.6435
DIXON_6_B1,38.445372994377905,-121.8261772770627,33.64197
DIXON_6_N002,38.445372994377905,-121.8262967229373,33.64197
DLYCTYP_1_N001,37.69165656303749,-122.45581828721114,34.01744
DMNDSPR_1_N001,38.69304699998593,-120.82566347343,34.45164
DMNDSPR_1_N003,38.69304699998593,-120.82577852656999,34.45164
DOBBINS_6_N001,39.339604,-121.197378,34.59262
DOGCREEK_LNODE,40.94013311,-122.431008,24.87101
DOLANRD_1_N001,36.8002959999868,-121.76906687525691,32.15512
DOLANRD_1_ND006,36.8002959999868,-121.76917912474309,32.15512
DOMTAR_1_N001,38.13,-121.65,33.19229
DONNER_LNODE07,39.327305,-120.281812,10.17097
DORRIS_LNODE06,41.96694,-121.91333,14.30069
DOSAMG1_7_B1,35.93569156428277,-120.84044369175919,30.84095
DOSAMG1_7_B3,35.935613999949254,-120.84038838362692,30.84095
DOSAMG1_7_B4,35.93553643569182,-120.84044369186773,30.84095
DOSAMG2_7_B1,35.93553643569182,-120.84055430813227,30.84095
DOSAMG2_7_B3,35.935613999949254,-120.84060961637307,30.84095
DOSAMG2_7_B4,35.93569156428277,-120.84055430824081,30.84095
DOSPALS_6_N001,36.97484,-120.635012,31.16694
DOUBLET_1_N001,32.90196007998871,-117.22702907896227,31.32068
DOUBLET_1_N002,32.90196007998871,-117.22713572103773,31.32068
DUANECT1_7_N001,37.37695501814395,-121.951408249,33.71594
DUANECT2_7_N001,37.3768737068133,-121.95134917326038,33.71594
DUANEST3_7_N001,37.3768737068133,-121.95146732473961,33.73664
DUKMOSS1_7_N001,36.85999999998676,-121.76005620188538,32.10079
DUKMOSS2_7_N001,36.84999999994714,-121.75988762218331,32.10079
DUKMOSS3_7_N001,36.84999999994714,-121.76011237781668,32.10079
DUKMOSS3_7_N002,36.85008992566386,-121.76,32.10079
DUKMOSS4_7_N001,36.84999999994714,-121.71988762218332,32.10079
DUKMOSS5_7_N001,36.83999999998681,-121.72005617595099,32.10079
DUKMOSS6_7_N001,36.84999999994714,-121.72011237781669,32.10079
DUKMOSS6_7_N002,36.85008992566386,-121.72,32.10079
DUMBARTN_1_N001,37.557155251259346,-122.057606,33.75872
DUMBARTN_1_N003,37.55707387435557,-122.05754673393427,33.75872
DUMBARTN_1_N011,37.55707387435557,-122.05766526606573,33.75872
DUNBAR_6_N001,38.38322299998598,-122.52777754540057,37.97837
DUNBAR_6_N002,38.38322299998598,-122.52789245459942,37.97837
DUNHILL_6_N001,32.901543,-117.229958,31.40936
DUNLAP_6_N001,36.64502999998689,-119.15909106962141,31.54432
DUNNIGAN_6_N001,38.924808,-121.989951,22.62108
DUNNSIDE_1_N001,35.03321,-116.467335,27.9181
DUPONT_6_N001,38.0113116,-121.7488298,33.19229
EAGLEMP1_7_B1,33.8114820113207,-115.453552,26.41437
EAGLEMP2_7_B1,33.81140099432683,-115.45349570363085,26.41178
EAGLEMTN_2_N001,33.81999999998812,-115.43994581868735,26.43248
EAGLEMTN_2_N002,33.81999999998812,-115.44005418131265,26.43248
EAGLROCK_2_N001,38.8293359999859,-122.81077743066047,27.95349
EAGLROCK_2_N012,38.8293359999859,-122.81089256933953,27.95349
EANDB_1_N001,35.49881,-119.04664,29.90657
EASTGATE_6_N101,32.88493613808494,-117.20083859603457,31.504
EASTGATE_6_N201,32.88493613808494,-117.20094940396542,31.504
EBMUDGRY_1_N001,37.93,-122.04,33.98657
ECO_2_ND501,32.627048999988915,-116.1214247806325,25.63101
ECO_2_ND502,32.627048999988915,-116.12153121936751,25.63101
EDENVALE_1_N001,37.24503626216962,-121.7958386130011,32.94097
EDENVALE_1_N004,37.24485573772219,-121.79583861327271,32.94097
EDENVALE_1_N006,37.24485573772219,-121.79606538672729,32.94097
EDENVALE_1_N008,37.24503626216962,-121.7960653869989,32.94097
EDES_1_N001,37.738841261316736,-122.193777,34.74463
EDES_1_N003,37.73875986932675,-122.19371757776352,34.74722
EDMON1AP_7_N001,34.986313,-118.738787,27.96936
EDMON2AP_7_N001,34.986312999950265,-118.73867680688261,27.96936
EDMON3AP_7_N001,34.98622271993701,-118.73867680700413,27.96936
EDMON3AP_7_N002,34.98615888237297,-118.73875472524391,27.96936
EDMON4AP_7_N001,34.98614361582445,-118.738863331203,27.96936
EDMON4AP_7_N002,34.98617488443967,-118.73896670370384,27.96936
EDMON5AP_7_N001,34.98624072734969,-118.73904209487607,27.96936
EDMON5AP_7_N002,34.986326049781965,-118.73907810817316,27.96936
EDMON6AP_7_N001,34.986416194964555,-118.73907208804029,27.96936
EDMON6AP_7_N002,34.98649877424742,-118.73902755565565,27.96936
EDMON7AP_7_N001,34.98656446909455,-118.73895197200041,27.96936
EDMON7AP_7_N002,34.98660721032227,-118.7388549100885,27.96936
EDMON8AP_7_N001,34.98662398575978,-118.738746635625,27.96936
EDMON8AP_7_N002,34.986614439197844,-118.738637059907,27.96936
EDUBLIN_6_N001,37.704050859986204,-121.90064584682328,33.77303
EDUBLIN_6_N101,37.704050859986204,-121.90076015317672,33.77303
EDWARDS_1_N001,34.991871,-117.890005,29.65822
EELRIVR_6_N001,40.6026579999847,-124.21013947578354,11.42464
EELRIVR_6_N005,40.6026579999847,-124.21025852421647,11.42464
EIGHTMI_2_N017,38.058077,-121.375292,33.44896
EIGHTMI_2_N020,38.05863929,-121.376889,33.44896
EISENHOW_1_N001,33.830599,-116.497612,26.99596
EISENHOW_1_N034,33.8305089637852,-116.49750361255143,26.99596
EISENHOW_1_N035,33.83044529864398,-116.49758025407495,26.99596
EISENHOW_1_N036,33.83043007333124,-116.49768708049523,26.99596
EISENHOW_1_N037,33.83046125749488,-116.4977887592061,26.99596
EISEN_6_N001,35.35714,-118.97131,30.05145
ELCAJNGT_7_N001,32.79537299995488,-116.97228745470751,38.21727
ELCAJNGT_7_N004,32.79528343687954,-116.97228745481482,38.28195
ELCAJNGT_7_N009,32.795220106262875,-116.97236279365998,38.28195
ELCAJNGT_7_N010,32.795204960951885,-116.97246780435368,38.28195
ELCAJON_6_N027,32.795557298984384,-116.9726265922731,38.11378
ELCAPTN_1_N001,37.33589232223926,-120.50511640044255,31.59401
ELCAPTN_1_N004,37.33571167765215,-120.50511640071575,31.59401
ELCAPTN_1_N005,37.365512,-120.578993,31.59401
ELCASCO_1_LN001,33.9669,-117.078,27.39652
ELCASCO_1_N014,33.96689999995221,-117.07789129518399,27.39652
ELCASCO_1_N018,33.966809844521414,-117.078,27.39652
ELCASCO_1_N020,33.96689999995221,-117.078108704816,27.39652
ELCRRTO_1_N001,37.916205,-122.303194,34.02279
ELCRRTO_1_N023,37.9162049999445,-122.30307941811893,34.02279
ELCRTLD1_1_N001,37.91611460517215,-122.303194,34.02538
ELCRTLD2_1_N001,37.9162049999445,-122.30330858188108,34.02797
ELCRTLD4_1_N001,37.91629539482788,-122.303194,34.02538
ELDORU1_7_N001,38.79369223998588,-120.61950224302755,34.37661
ELDORU2_7_N001,38.79369223998588,-120.61961735697244,34.37661
ELECTRAJ_6_N009,38.33091303,-120.6702083,31.75254
ELKCREEK_6_N001,39.12957472883464,-123.711777,13.81731
ELKHIL1G_7_N001,35.226128018725106,-119.3777288584471,29.55211
ELKHIL2G_7_N001,35.22604999995,-119.37767371700025,29.55211
ELKHILLS_7_N002,35.225971981249835,-119.37783914144686,30.25843
ELK_6_N001,39.1294941355673,-123.71183698354646,-8.20255
ELLIOTT_6_N001,32.81594955645943,-117.08834743785866,31.15157
ELLIOTT_6_N004,32.81577044345038,-117.08834743807347,31.15157
ELLIOTT_6_N014,32.81577044345038,-117.08856056192653,31.15157
ELLIS_6_N001,37.716505,-121.548766,28.59483
ELLIS_6_N105,33.685126,-117.943596,28.59483
ELLSGTY_1_N001,33.685294,-117.943088,32.17185
ELNIDO_1_N004,37.12061299998659,-120.47270746040512,31.33649
ELNIDO_2_N001,37.12061299998659,-120.47282053959488,28.5175
ELNIDO_2_N012,33.896298056801314,-118.372769,28.5175
ELNIDO_2_N029,33.89621697158651,-118.37271260024885,28.5175
ELNIDO_7_N001,33.89621697158651,-118.37282539975115,31.33649
ELPATIO_1_N001,37.29227329467893,-121.93579950098238,33.59951
ELPATIO_1_N006,37.2920927052127,-121.93579950125482,33.59951
ELPATIO_1_N015,37.2920927052127,-121.93602649874518,33.59951
ELPATIO_1_N029,37.29227329467893,-121.93602649901763,33.59951
ELPECO_6_N004,36.880750319986795,-120.16430997113376,31.43842
ELPECO_6_N005,36.880750319986795,-120.16442242886625,31.43842
ELSEGNDO_2_N020,33.90853206323449,-118.423099,28.5175
EMBRCDR_2_N001,37.780090430972514,-122.37988558363396,33.88808
EMBRCDR_2_N008,37.77990956891692,-122.37988558391392,33.88808
EMBRCDR_2_N101,37.77990956891692,-122.38011441608609,33.88808
EMBRCDR_2_N104,37.780090430972514,-122.38011441636604,33.88808
EMRLDLE_6_N001,37.462178,-122.277933,33.44945
EMRYSVE_1_N001,39.163430999985756,-121.56151425780503,37.01966
EMRYSVE_1_N003,39.163430999985756,-121.56162974219497,37.01966
ENCINAL_6_N001,39.247383,-121.637248,38.24467
ENCINA_1_N001,33.13699513479889,-117.33531843066032,30.85642
ENCINA_1_N049,33.13699513479889,-117.33542956933968,30.85642
ENCNITAS_6_N001,33.05068472041646,-117.285325,31.26479
ENCNITAS_6_N004,33.05060413977941,-117.28526949553299,31.26479
ENCNITAS_6_N011,33.05060413977941,-117.285380504467,31.26479
ENICOLS_1_N023,38.90976699,-121.542195,36.07511
ENSLEN_LNODEHKQ,37.65224426097517,-121.0013,32.19496
ENSLEN_LNODELOU,37.65216286949752,-121.00124064749899,32.19496
ENSLEN_LNODEWFN,37.65216286949752,-121.00135935250101,32.19496
ERTA_6_N001,36.930594,-121.763827,32.66999
ESCNDIDO_6_N001,33.12553751394818,-117.11713907638253,30.51113
ESCNDIDO_6_N046,33.12562692787242,-117.11713323473265,30.51113
ESCNDIDO_6_N053,33.125708837265464,-117.11709002278538,30.51113
ESCNDIDO_6_N070,33.125773999187075,-117.11701668029998,30.51113
ESCNDIDO_6_N071,33.125816393691274,-117.11692249643629,30.51113
ESCNDIDO_6_N072,33.12583303304557,-117.11681743249952,30.51113
ESCNDIDO_6_N073,33.12582356393166,-117.11671110589248,30.51113
ESCNDIDO_6_N074,33.12578976941293,-117.11661208659224,30.51113
ESCNDIDO_6_N075,33.125735041243566,-117.11652745409484,30.51113
ESCNDIDO_6_N076,33.12566386829419,-117.11646256452431,30.51113
ESCNDO_7_N003,33.12549288782574,-117.1164045327703,30.50854
ESCO_6_N001,33.115770727187964,-117.089119,30.55346
ESCO_6_N004,33.11569013639368,-117.08906344744015,30.55346
ESQUON_6_N001,39.60787599998552,-121.76838683094496,40.46289
ESTCKTN_6_N002,37.96284412998611,-121.26155298510835,32.36866
ESTCKTN_6_N101,37.96284412998611,-121.26166761489165,32.36866
ESTGRND_1_LN001,37.65398770504627,-122.40291657307135,33.98381
ESTGRND_1_N001,37.653806834843614,-122.40291657334959,33.98381
ESTGRND_1_N005,37.653806834843614,-122.40314502665042,33.98381
ESTGRND_1_N009,37.65398770504627,-122.40314502692864,33.98381
ESTPRTL_1_N001,37.876677,-122.186415,33.92448
ESTQNCY_6_N001,39.938128,-120.910322,37.99466
ETIWANDA_2_LN001,34.088145,-117.525582,27.72407
ETIWANDA_6_N001,34.0883812512724,-117.5255740237224,27.72666
ETIWANDA_6_N003,34.08805474873831,-117.52547302427173,27.72925
EUREKAA_6_N001,40.793883999984665,-124.18290627263764,11.98785
EUREKA_6_N001,40.793883999984665,-124.18302572736236,11.97491
EVRGREEN_1_N001,37.303338999986465,-121.8408102375639,33.53483
EVRGREEN_1_N019,37.303338999986465,-121.84092376243609,33.53483
EXXONBH_7_N001,38.08095331088854,-122.13762073299924,33.62471
FAIRHAVN_6_N001,40.80028,-124.195714,11.88039
FAIRVIEW_6_N001,37.3749292694793,-121.973097138,33.9462
FAIRVIEW_6_N002,37.3748479591456,-121.97303806458021,33.9462
FAIRVIEW_7_N005,37.3748479591456,-121.97315621141979,33.9462
FAIRWAY_1_N001,34.91059499998762,-120.44635292480474,30.51492
FAIRWAY_1_N002,34.91059499998762,-120.44646307519525,30.51492
FAMOSO_1_N001,35.60500099998741,-119.20248280260235,30.16529
FARREL_1_N001,33.85654399998807,-116.49686777574072,26.84072
FARREL_1_N002,33.85654399998807,-116.49697622425927,26.84072
FELICITA_6_N001,33.093263724336374,-117.073637,30.61038
FELICITA_6_N005,33.09318313781945,-117.07358146461416,30.61038
FELICITA_6_N009,33.09318313781945,-117.07369253538583,30.61038
FELLOWSG_7_N001,35.195188999987465,-119.58505586292793,29.73322
FIGARDN_2_LN001,36.8220849903732,-119.8585814,30.95202
FIGARDN_2_N001,36.8220040797992,-119.85852304439742,30.95202
FIGARDN_2_N101,36.8220040797992,-119.85863975560258,30.94944
FIREBAGH_6_N001,36.850688,-120.466577,31.925
FLINT_1_N001,38.88530299998586,-121.06669540924167,35.03118
FLINT_LNODE_LDT1,38.88530299998586,-121.06681059075832,15.2677
FMC_1_N001,37.347699999986396,-121.92219018683774,33.68748
FMC_1_N003,37.347699999986396,-121.92230381316226,33.68748
FOOTHILL_1_N001,35.27,-120.7,30.27172
FORSTHL_6_N001,39.01927,-120.830271,35.17865
FORTORD_6_N001,36.643362999986934,-121.79208207163943,32.41126
FORTORD_6_N025,36.643362999986934,-121.79219392836056,32.41126
FORTRSS_6_N001,38.539559,-123.223713,45.38851
FOSTERW_7_N001,38.02007534657929,-122.06127131707333,33.75751
FRANKLIN_6_N003,38.012317,-122.264655,34.25564
FRANKLIN_6_N004,38.01218229,-122.264201,34.25564
FRAZPARK_6_N001,34.815086,-119.009915,28.56443
FRDCIR_6_N005,37.391069314986424,-121.96618971980963,33.56588
FRDCIR_6_N007,37.391069314986424,-121.96630344219037,33.56588
FREMNT_1_N001,37.54118124868743,-121.962063,33.52707
FREMNT_1_N007,37.54109987564155,-121.96200374944321,33.52707
FREMNT_1_N013,37.54109987564155,-121.96212225055679,33.52707
FRESNOWW_6_N001,36.70363064,-119.8811618,30.99083
FRIARS_1_N001,32.77904499998872,-117.15675673371696,31.57008
FRIARS_1_N009,32.77904499998872,-117.15686326628304,31.57008
FRITOLAY_7_N001,35.44055556,-119.2902778,29.75909
FRNCHCP_6_LN001,37.88213105998615,-121.29015842794291,32.52131
FRNCHCP_6_N001,37.88213105998615,-121.29027297205708,32.52131
FRNCHGLH_6_N001,40.68692,-122.641204,12.65511
FROGTOWN_7_N001,38.056504,-120.53381,30.53672
FRSHXPRS_6_B1,36.65083851,-121.6361776,32.65446
FRSTGLEN_1_N001,40.37805556,-123.3388889,14.60387
FRTSWRD_6_N001,40.21377199998503,-123.59658599020719,7.86563
FRUITLND_6_N001,40.28584,-123.837372,8.46327
FRUITVLE_6_N001,35.376774999987504,-119.0924868388967,29.9195
FRUITVLE_6_N101,35.376774999987504,-119.09259716110328,29.9195
FTBRGD1_7_N003,39.434647359985576,-123.79940482451937,-6.95809
FTBRGD2_7_N003,39.434647359985576,-123.79952077548063,-6.9555
FTCHMTN_6_N001,38.60608399998592,-122.85282549557644,59.18076
FTCHMTN_6_N003,38.60608399998592,-122.85294050442356,59.18076
FULTON_2_N010,38.49657200829278,-122.75943026543568,39.90749
FULTON_2_N049,38.49657200829278,-122.75954973456432,39.90749
F_6_N001,32.75497274686537,-117.126027,32.49435
F_6_N002,32.75489212655523,-117.12597165333155,32.49435
F_6_N005,32.75489212655523,-117.12608234666845,32.49435
GABILAN_6_N001,36.731511,-121.61325,32.7476
GALE_1_N001,34.859556356607754,-116.8653038835563,35.21763
GALLO_1_N009,37.36332475998635,-120.76036836934983,31.75442
GANSNER_6_N101,39.939187,-120.948157,38.88467
GANSO_1_N001,35.501697829987435,-119.44918757868986,29.7177
GARCIA_6_N001,38.88879,-123.550318,-8.01627
GARDNER_6_N001,35.15393575,-119.3363528,29.8393
GAREY_1_N002,34.98,-120.26,30.458
GARFIELD_6_N001,32.795125,-116.996848,36.83161
GARNET_7_N001,33.93858299995228,-116.57633536031197,26.77863
GASQUET_LNODE42,41.84833,-123.96667,15.74284
GATESBK4_7_N001,36.139798719987255,-120.12483566870624,30.01594
GATESBK4_7_N005,36.139798719987255,-120.12494653129376,29.97196
GATEWAY2_7_N002,38.016869651727845,-121.757812,33.14692
GATEWAY3_7_N002,38.01705034827226,-121.757812,33.14434
GENESEE_6_N001,32.87974054062765,-117.2133823800825,31.46887
GENESEE_6_N005,32.87956145928191,-117.21338238029792,31.46887
GENESEE_6_N011,32.87956145928191,-117.21359561970208,31.46887
GENESEE_6_N015,32.87974054062765,-117.2135956199175,31.46887
GENE_2_N001,34.3,-114.23,24.10003
GENE_2_N010,34.29096,-114.171279,24.10003
GERBER_6_N101,40.064207,-122.156114,13.65035
GEYSR16_2_N006,38.76617,-122.70739,39.68499
GEYSR17_2_N005,38.82387,-122.78139,39.80142
GEYSR18_2_N002,38.76867,-122.74786,39.68499
GEYSR20_2_N002,38.77875,-122.7552,39.68499
GEYSR5-6_7_N001,38.777006613720275,-122.74238837921152,-0.0514
GIFFEN_6_N001,36.54507599998703,-120.33446318723175,31.08
GILLRAN_1_LN001,37.9868115699861,-122.04032207362229,31.27819
GILROYF_1_N001,37.14,-121.58,33.33164
GIRVAN_6_N001,40.51347,-122.378916,12.42881
GLASS_6_N001,36.92896532998674,-120.10284000826357,31.28319
GLASS_6_N008,36.92896532998674,-120.10295259173643,31.28319
GLDTGEN_7_N001,35.054148,-118.186137,28.39059
GLENCLIF_6_N001,32.798367,-116.498315,28.34856
GLENN_6_N024,39.77775522,-122.1426982,12.83157
GLENWOOD_6_N001,37.45733023092607,-122.186967,33.92171
GLENWOOD_6_N004,37.457248884522265,-122.18690783531744,33.92171
GLENWOOD_6_N005,37.457248884522265,-122.18702616468256,33.92171
GLRYCGG1_7_N001,37.12999999998655,-121.5600565514771,33.33682
GNSOLAR_7_N002,37.29462742,-120.4068538,31.36634
GOLDTREE_1_N001,35.32012199998752,-120.69284284611503,30.28466
GOLDTREE_1_N002,35.32012199998752,-120.69295315388497,30.28466
GOLETA_2_LN001,34.46864,-119.882337,28.88904
GOLETA_6_N200,34.46880142976412,-119.88445868708224,28.88904
GONZALES_6_N001,36.50885299998702,-121.44685522795733,32.87438
GONZALES_6_N003,36.50885299998702,-121.44696677204267,32.87438
GORMAN_6_N001,34.8014,-118.818908,28.2048
GOSELKE_1_N001,35.601685759107795,-119.57954360648762,29.86258
GOSLKPV_7_N002,35.6015062407915,-119.57976439326474,29.86258
GOULD_2_N001,34.22145799998786,-118.18701737338756,27.96642
GOULD_2_N007,34.22145799998786,-118.18712662661244,27.96642
GRANDIS_1_N004,38.23108199998597,-121.59029758372996,34.88027
GRANDIS_1_N009,38.23108199998597,-121.59041241627003,34.88027
GRANITE_6_N001,32.804473,-116.92086,38.0371
GRANITE_6_N001A,38.991736,-122.932656,-14.346
GRANITE_6_N007,32.804472999954854,-116.9207534473782,38.0371
GRANITE_6_N008,32.80438343993102,-116.92086,38.0371
GRANITE_6_N009,32.804472999954854,-116.92096655262179,38.04745
GRANTRK_6_N001,37.671029436181016,-122.16000174541144,33.16415
GRANT_1_N001,37.67084856370894,-122.16000174568991,33.83892
GRANT_1_N005,37.67084856370894,-122.1602302543101,33.83892
GRAPEVNE_6_N001,34.918551316390584,-118.9261908,30.15494
GRBRVLLE_6_N001,40.10263,-123.792873,6.92866
GRDNEAST_1_N101,36.47999999998696,-119.60994425959105,31.04102
GRDNEAST_1_N102,36.47999999998696,-119.61005574040897,31.04102
GRDNWEST_1_N001,36.59,-119.57,31.02549
GREATLKS_6_N001,34.837385,-118.155457,28.6205
GREENBRE_6_N001,37.93780399998614,-122.51415869769995,38.46339
GREENBRE_6_N003,37.93780399998614,-122.51427330230004,38.46339
GRIDLEY_6_N001,39.37056399998568,-121.68786108759652,38.98689
GRIMWAY_1_N001,35.27,-118.87,30.10061
GRIMWAY_1_N005,35.25186,-118.85304,30.10061
GRIZZLY_7_N001,39.88138889,-120.475,33.89084
GRMWYSM_6_N001,35.2239,-118.88,30.00229
GRNTHLL_1_N001,32.80456256006898,-116.92086,31.6923
GRNTHLL_1_N004,32.71264846,-117.1308522,31.6923
GRNTVRNL_1_LN001,37.78999999998617,-121.35994278512781,32.27017
GRNVALY_1_N001,36.952139010813255,-121.76018,32.57426
GRNVALY_1_N011,36.95205799457908,-121.76012146857028,32.57426
GRONMYER_6_N001,37.83113721,-121.2650279,32.44869
GROUSCRK_6_N001,40.714128659984695,-123.52841395247704,14.51207
GROYPKR_1_N005,36.99972222,-121.5372222,33.33423
GRSSVLY_6_N101,39.209514,-121.061004,38.87269
GRYSFLT_6_N001,40.021612,-121.065532,39.32968
GUALALA_6_N001,38.78669899998589,-123.52271944534662,45.93701
GUALALA_6_N003,38.78669899998589,-123.52283455465339,45.93701
GUERSEY_7_B1,36.2263445,-119.6552318,30.59307
GUSTINE_6_N001,37.253223999986524,-121.01302629664288,33.33611
GUSTINE_6_N002,37.253223999986524,-121.01313970335713,33.33611
GYSR78TP_1_N005,38.8149,-122.80141,0.20831
GYSRVLLE_6_N001,38.70981887157317,-122.907957,59.16685
GYSRVLLE_6_N003,38.70973806419826,-122.90789721183104,59.16685
HAAS_7_N002,36.927364,-119.020827,30.66328
HALEJ1_1_LN001,38.236289999986035,-122.0968525822554,33.62904
HALEJ2_1_LN001,38.236289999986035,-122.09696741774461,33.61869
HALLSFLT_6_N001,40.74904096,-121.2802498,11.66473
HALSEYF_7_N001,38.90131699998584,-121.08772559737287,35.23557
HAMILBR_7_N001,40.26940801,-121.087813,38.80706
HAMILTON_6_N001,39.746242,-122.011361,13.73969
HAMLIN_1_N009,40.38719215759148,-123.045061,28.068
HAMMER_6_N001,38.02138220754234,-121.320367,33.56521
HAMMER_6_N003,38.02130089621381,-121.32030740848892,33.56521
HAMMER_6_N004,38.02130089621381,-121.32042659151108,33.56521
HAMMONDS_1_N001,36.72011,-120.603287,30.6714
HARBORG_7_N101,33.770089981295506,-118.25010824500784,28.42954
HARDING_6_N001,37.96379937479765,-121.2904483692276,32.41782
HARDING_6_N004,37.96361862509118,-121.29044836950978,32.41782
HARDWICK_6_N001,36.40426099998707,-119.68618433896405,31.56623
HARRIS_6_N001,40.78104299998464,-124.13194328500423,11.71998
HARRIS_6_N003,40.78104299998464,-124.13206271499577,11.71998
HARTER_6_N001,39.14325399998575,-121.6480072716394,37.35654
HARTER_6_N003,39.14325399998575,-121.6481227283606,37.35654
HARTLEY_6_N001,39.07726799998581,-122.93226431359712,-10.0324
HARTLEY_6_N004,39.07726799998581,-122.93237968640288,-10.0324
HATCRK1_6_N001,40.92932834,-121.5442871,11.78892
HATTON_6_N001,36.55679,-121.897162,32.43972
HAYFORK_6_N001,40.5509943,-123.1636433,13.35817
HEADGATE_6_N001,39.789288,-122.051452,13.25847
HELDSBRG_6_N001,38.609849999985855,-122.85613249467578,59.05042
HELDSBRG_6_N009,38.609849999985855,-122.85624750532422,59.05042
HELIJET_6_N001,34.611921,-118.114817,29.38891
HENRITTA_6_LN001,36.242062000433485,-119.9028169053977,30.30589
HENRITTA_6_N101,36.24160599998715,-119.9029965105001,30.30589
HERDLYN_6_N001,37.816383,-121.586176,31.3277
HICKS_2_N001,37.234159254320986,-121.90015163922017,33.016
HICKS_2_N002,37.23397874557105,-121.9001516394916,33.016
HICKS_2_N007,37.23397874557105,-121.90037836050841,33.016
HICKS_2_N013,37.23361368,-121.900946,33.016
HIDEDCT1_7_N001,34.145342194461776,-116.18586145105628,27.81703
HIDEDCT2_7_N002,34.145263999951744,-116.18580690221354,27.81703
HIDEDCT3_7_N001,34.14518580551402,-116.18586145115727,27.81703
HIDEDST1_7_N001,34.14518580551402,-116.18597054884273,27.81703
HIDESERT_2_N001,34.145263999951744,-116.18602509778646,27.81703
HIDESERT_2_N018,34.145342194461776,-116.18597054894371,27.81703
HIGGINS_1_N001,39.043590575891166,-121.09071766620363,34.93637
HIGGINS_1_N002,39.04341142399536,-121.0907176664961,34.93637
HIGGINS_1_N004,39.04341142399536,-121.09094833350389,34.93637
HIGHLD_1_N001,38.93741777608508,-122.609034,6.92489
HIGHLD_1_N005,38.937337111942234,-122.60909387327588,6.92489
HIGHWAY_1_N001,38.166048151820924,-122.253616,38.3004
HIGHWAY_1_N002,38.16596692407439,-122.25355635179834,38.3004
HILLSDLE_6_N001,37.536271,-122.322394,33.80011
HILLSIDE_1_N001,37.879999999986126,-122.23994272916374,33.89084
HILLSIDE_1_N004,37.879999999986126,-122.24005727083625,33.89084
HINDSP1_7_B1,33.70558595384776,-115.62686,26.49358
HINDSP2_7_B1,33.70550502306335,-115.6268038329638,26.49099
HINSON_6_N001,33.8187063167147,-118.22244226216476,28.44506
HLFMNBY_6_N002,37.46874323375435,-122.43018,34.98248
HLFMNBY_6_N004,37.46866188310803,-122.43012082319957,34.98248
HLFMNBY_6_N101,37.46866188310803,-122.43023917680043,34.98248
HMBLTBY_6_N003,40.78280899998469,-124.11247771670773,11.69549
HNTRSPT_1_LN001,37.432819999986364,-122.20268309414536,33.93206
HNTRSPT_1_LN002,37.432819999986364,-122.20279690585465,33.93206
HOBARTTP_LNODE19,39.400047,-120.149888,10.17097
HOLLISTR_1_N001,36.86276493702428,-121.40575458914812,32.61048
HOLLISTR_1_N004,36.86258506286991,-121.40575458941272,32.61048
HOLLISTR_1_N101,36.86258506286991,-121.40597941058728,32.61048
HOMEGRND_1_N001,38.96,-122.84,6.04689
HOMEPROC_1_N001,38.94,-122.85,6.0443
HOMESTEA_6_N001,37.339076114186454,-121.9785324215764,33.89446
HOMESTEA_6_N002,37.339076114186454,-121.9786460284236,33.89446
HONCUT_1_N001,39.320099,-121.595289,37.64166
HOOPA_6_N001,41.05656823719006,-123.682252,15.65563
HORSESHE_1_N001,38.744281999985915,-121.16156545871566,34.70777
HORSESHE_1_N002,38.744281999985915,-121.16168054128434,34.70777
HPLNDJT_6_N001,38.972898,-123.081134,-21.85476
HSK_LA_LNODEKSS,34.487,-118.514,28.35433
HUNT1G_7_N002,33.645950581890766,-117.97761038065147,28.59483
HUNT2G_7_N002,33.64596651133317,-117.97781805443613,28.59483
HUNT3G_7_N002,33.646116990569396,-117.97792719657157,28.59483
HUNT4G_7_N002,33.64628893105762,-117.97787767060932,28.59483
HURON_6_N001,36.185797,-120.104535,30.07286
HYATT_2_N212,39.54,-121.47,40.07739
HYMPOMJT_6_N005,40.714128659984695,-123.52853324752296,14.51466
IBM-CTLE_1_N001,37.33,-121.74,32.94356
IBM-HRRS_1_N001,37.339999999986375,-121.73994319553019,32.90734
IBM-HRRS_1_N101,37.339999999986375,-121.74005680446982,32.90734
IGNACIO_1_N102,38.07555099998604,-122.54000436436782,37.66135
IMHOFF_1_N001,38.001509,-122.066739,34.03314
IMPRLBCH_6_N001,32.583238980116946,-117.09732161915153,32.20847
IMPRLBCH_6_N004,32.58341831979319,-117.09732161936442,32.20588
IMPRLVLY_2_N070,32.717273591116836,-115.715481755367,21.06573
IMPRLVLY_2_N074,32.71719599995503,-115.71542851082661,21.06573
IMPRLVLY_2_N077,32.71711840886078,-115.71548175545963,21.06573
IMPRLVLY_2_NM01,32.71711840886078,-115.71558824454037,21.06573
IMPRLVLY_2_NM05,32.71719599995503,-115.71564148917338,21.06573
IMPRLVLY_5_N036,32.717273591116836,-115.71558824463301,22.39778
INDACRE_6_N001,36.66380742,-121.6285783,32.55097
INDIANW_1_N001,33.75822999998817,-116.36079489140164,27.07341
INDIANW_1_N005,33.75822999998817,-116.36090310859835,27.07341
INDNFLT_6_N001,37.66547,-119.841331,7.97546
INERGY_1_N004,38.277196,-120.91392,29.85741
INGRMC_1_N001,37.83,-121.17,32.3452
INTAKE_2_N029,37.874784,-119.96485,30.84804
INTERNAT_LNODELD,41.432568,-122.38296,15.61875
INYOKERN_1_N001,35.65261399998741,-117.79478579202693,27.62384
INYOKERN_1_N008,35.65261399998741,-117.79489620797307,27.62384
IRONMTN_2_N001,34.16,-115.12,26.19169
ISIS_7_N001,35.730738649654164,-119.8581481,29.99489
IUKA_6_N001,37.665987,-121.831011,33.70318
IVSOLARS_7_N009,32.671054,-115.586959,23.55258
JACALITO_6_N001,36.13088733,-120.2451912,30.09873
JACINTO_6_N001,39.582923,-122.010645,14.11226
JAMACHA_6_N001,32.744163749547276,-116.957239,36.33618
JAMACHA_6_N006,32.74408312521416,-116.95718365728564,36.33618
JAMACHA_6_N015,32.74408312521416,-116.95729434271436,36.33618
JAMESON_1_N001,38.205742999986015,-122.14748159111618,33.74029
JAMESON_1_N009,38.205742999986015,-122.14759640888383,33.74029
JANSCRK_6_N001,40.905394259900845,-124.072573,11.7769
JANSCRK_6_N003,40.90531287003298,-124.0725108262728,11.7769
JARVIS_1_N014,37.59572442721241,-122.01803387245575,33.71335
JARVIS_1_N016,37.595543572677634,-122.01803387273313,33.71335
JARVIS_1_N017,37.595543572677634,-122.01826212726687,33.71335
JARVIS_1_N101,37.59572442721241,-122.01826212754425,33.71335
JCBSCRNR_6_N001,36.22245499998718,-119.77977650530629,30.4042
JCBSCRNR_6_N003,36.22245499998718,-119.77988749469371,30.4042
JENNINGS_6_N001,37.334271,-121.85472,33.78062
JENNY_1_N001,37.769999999986226,-122.25994279875593,34.84295
JENNY_1_N008,37.769999999986226,-122.26005720124407,34.84295
JESSUP_1_N001,40.462102,-122.328061,12.17527
JHINDS_2_LN001,33.70550502306335,-115.6269161670362,26.50393
JMSCNPMP_1_N001,38.19,-122.47,37.89679
JM_6_N001,37.904891469986154,-121.2608287848027,32.48767
JOHANNA_2_N001,33.713623958185146,-117.852576,28.73613
JOHANNA_2_N007,33.713543020894754,-117.85251982319095,28.73613
JOHANNA_2_N018,33.715239,-117.85065,28.73613
JOLON_6_N001,36.013308,-121.167635,31.61645
JOLON_6_N002,36.01330796,-121.1676346,31.61645
JULIETTE_6_N001,37.38658075858639,-121.96739834670504,34.01088
JULIETTE_6_N002,37.38658075858639,-121.96751205929496,34.01088
KAMM_1_N001,36.58,-120.52,30.793
KANAKA_1_N001,39.439999999985574,-121.38994201903363,37.41349
KANSASGN_7_N001,36.225745,-119.833214,30.37057
KCTYTAP_6_N005,36.216923999948776,-121.12668201958728,31.51296
KEARNEY_6_N001,36.704357999986875,-119.88278399673257,30.97013
KEARNEY_6_N099,36.704357999986875,-119.88289600326743,30.97013
KEARNEY_7_N001,32.832849999988746,-117.13199871171014,32.21034
KEARNEY_7_N003,32.832849999988746,-117.13210528828985,32.319
KEARNY_6_N036,36.70565475,-119.882824,32.26985
KELLEY_6_N001,35.02051773995017,-119.06278930970205,30.21962
KELSO2_7_N002,37.79764337690692,-121.60153328004418,32.25861
KELSO3_7_N002,37.797721689944616,-121.60170494003297,32.25861
KELSO_2_N001,37.79780000306528,-121.60153327992285,32.25861
KENNETH_6_N001,37.37577868678644,-121.95416877755858,33.88152
KENNETH_6_N002,37.37577868678644,-121.95428246644141,33.88152
KERCK1G1_7_N001,37.09232,-119.55255,31.14468
KERMAN_6_N001,36.69205999998684,-120.05918901200307,31.27146
KERMAN_6_N002,36.69205999998684,-120.05930098799692,31.27146
KERNFRT_1_N001,35.55961,-118.9574,30.43178
KERNOIL_1_N001,35.440763937109985,-119.02067,30.07991
KERNOIL_1_N012,35.440683031431455,-119.02061266604316,30.07991
KERNOIL_1_N031,35.440683031431455,-119.02072733395684,30.07991
KERNPWR_1_N002,35.37980096994444,-119.097984,29.87035
KERNPWR_1_N201,35.37972001501422,-119.09792667452027,29.87035
KERNRDGE_1_N001,35.48320899998747,-119.76358482417542,29.7967
KERNRVR_6_N014,35.460194,-118.779714,24.20702
KERNRV_1_N001,35.37972001501422,-119.09804132547973,30.05663
KERNWATR_1_N001,35.400666,-119.035603,29.91433
KESWICK_6_N001,40.623725,-122.462027,12.13075
KETTLEMN_6_N001,36.044075,-120.112696,30.26173
KETTNER_6_N001,32.733172,-117.173774,32.161
KIFER_1_N022,37.37651928180129,-121.950950484,33.78062
KIFER_6_N001,37.37643797068464,-121.95089140875906,33.78062
KIFER_6_N020,37.37643797068464,-121.95100955924093,33.78062
KINGCTY_6_N001,36.21683446257632,-121.126793,31.64491
KINGCTY_6_N002,36.216923999948776,-121.12690398041272,31.64491
KINGCTY_6_N005,36.21701353742374,-121.12679299999999,31.64491
KINGSBRG_1_N001,36.48869063297857,-119.58234525016937,31.07465
KINGSBRG_1_N008,36.48861299994815,-119.58228950045047,31.07465
KIRKER_1_N001,38.0212542075842,-121.905844,33.84945
KIRKER_1_N005,38.02117289619287,-121.90578440854696,33.84945
KIRKER_1_N006,38.02117289619287,-121.90590359145303,33.84945
KMPUD_7_N001,38.49628,-120.22056,31.5171
KNGHTSLD_1_N001,38.809281,-121.74515,35.85707
KONOCTI6_6_N001,38.9325,-122.741085,-6.65066
KONOCTI6_6_N0027,38.93235913,-122.741004,-6.65066
KRAMER_1_N001,34.989052,-117.542205,28.74493
KRAMER_1_N203,34.989051999950256,-117.54209480549595,28.74493
KYOCERA_6_N001,32.81977599998868,-117.14030871733348,32.29619
KYOHO_1_LN001,37.94059,-121.2209,31.84568
LACSD_7_N001,33.803711,-118.282036,28.48646
LAFRESA_6_N001,33.86979104273171,-118.33319,28.48128
LAFRESA_6_N007,33.869709978621295,-118.33324636755688,28.48128
LAFRESA_6_N008,33.869994999988144,-118.33211475997378,28.48128
LAGNANL_1_N001,33.49498074466377,-117.70295838393929,29.21144
LAGNANL_1_N002,33.494801255243225,-117.70295838416239,29.21144
LAGNANL_1_N005,33.494801255243225,-117.70317361583761,29.21144
LAGNANL_1_N006,33.49498074466377,-117.70317361606071,29.21144
LAGUBELL_6_N001,33.975996097823064,-118.14794,28.31449
LAGUBELL_6_N210,33.97591495107552,-118.14799649540468,28.31449
LAGUNATP_6_N001,36.748942999986895,-121.60530194075191,45.08839
LAGUNITS_6_N001,36.748942999986895,-121.60541405924809,32.75019
LAJOLLA_6_N001,32.840121999988746,-117.27517670850455,31.69034
LAJOLLA_6_N007,32.840121999988746,-117.27528329149546,31.69034
LAKEVIEW_6_N101,35.093678,-119.10139,30.06439
LAKEVIEW_7_N002,35.094169439987525,-119.10097282025002,30.06439
LAKEVLLE_1_N001,38.25150499998603,-122.58063457802776,38.19726
LAKEVLLE_1_N028,38.25150499998603,-122.58074942197224,38.19726
LAKEWOOD_1_N001,37.909008286572075,-122.05701271293042,33.95294
LAKEWOOD_1_N003,37.90892999994441,-122.05695542598274,33.95294
LAKEWOOD_1_N004,37.90885171340006,-122.05701271305232,33.95294
LAKEWOOD_1_N006,37.90885171340006,-122.05712728694768,33.95294
LAKEWOOD_1_N007,37.90892999994441,-122.05718457401727,33.95294
LAKEWOOD_1_N009,37.909008286572075,-122.05712728706959,33.95294
LAMBIE_2_N010,38.24129880476015,-121.85488516179335,33.15125
LAMMERS_1_N001,37.71301203998621,-121.47801334000889,32.37366
LAMMERS_1_N004,37.71301203998621,-121.47812765999112,32.37366
LAMONT_1_N001,35.296667999987505,-118.86162984910735,30.09026
LAMONT_1_N002,35.296667999987505,-118.86174015089266,30.09026
LANCSTR_6_N002,34.700364,-118.145694,29.22591
LANCSTR_6_N030,34.700363999950625,-118.14558402054884,29.22591
LANPRI_6_N001,34.6907,-118.2286,28.87663
LAPLMG1_7_N001,35.29516599994997,-119.59192469860037,29.59092
LAPLMG2_7_N001,35.2950123151544,-119.59200269352937,29.59092
LAPLMG3_7_N001,35.29502827228419,-119.59221488028864,29.59092
LAPLMG4_7_N001,35.29517901313358,-119.59232639423358,29.59092
LARKIN12_7_LN001,37.78374425828556,-122.41688,34.02261
LARKIN12_7_LN002,37.78366287084234,-122.41682054500156,34.02261
LARKIN12_7_LN003,37.78366287084234,-122.41693945499844,34.02261
LASPALMS_1_N001,36.8,-119.69,31.18987
LASPLGS_6_N001,33.31293877396291,-117.466996,33.74181
LASPLGS_6_N004,37.4629,-122.22787,33.74181
LASPULGS_6_N001,33.31285811300611,-117.46694027366007,30.69051
LASPULGS_6_N009,33.31285811300611,-117.46705172633993,30.69051
LASSEN_6_N001,40.29727611652984,-121.017222,37.06326
LASSEN_LNODE69LDT2,40.29719494171887,-121.01728344786935,21.5634
LAURELES_6_N001,36.47781599998705,-121.7268922619553,33.35043
LAWRENCE_1_N001,37.397207,-122.010126,33.54259
LAWRENCE_1_N003,37.39720699994556,-122.01001226428907,33.54259
LAWRENCE_1_N004,37.39711664332103,-122.010126,33.54259
LBEACH2G_7_N002,33.81887301302021,-118.22276026528898,28.44506
LCIENEGA_6_N001,34.000751,-118.378408,28.56407
LEBECCT1_7_N100,34.860298459987625,-118.87914364154324,27.9616
LEBECCT4_7_N001,34.860298459987625,-118.87925375845677,27.9616
LEBEC_6_N001,34.918641639950344,-118.92630095535362,30.19634
LEGRAND_1_N001,37.184411999986544,-120.27340638043835,32.72616
LEMOORE_6_N002,36.30998799998711,-119.79822042969916,30.5879
LEMOORE_6_N101,36.30998799998711,-119.79833157030085,30.5879
LEPRINO_1_N001,37.74847431877933,-121.41570281391134,32.47456
LEPRINO_6_N001,36.30394418,-119.7910893,30.58013
LEPRNOFD_1_N001,37.75612622998619,-121.41677160846817,30.6631
LERDO_1_N001,35.50010399998744,-119.15188082156193,30.19116
LERDO_1_N004,35.50010399998744,-119.15199117843807,30.19116
LEWISTON_7_N001,40.71097396998468,-122.8083782557821,13.0539
LIDSUB_6_N002,37.7929,-121.25468,32.46939
LILAC_6_N001,33.25331275588066,-117.085857,30.82805
LILAC_6_N010,33.25323212204728,-117.08580133044258,30.82805
LIMESTNE_6_N001,38.63377399998596,-120.97960448884528,34.48786
LINCLN_1_N001,38.900649968978726,-121.2943206,35.53211
LINCLN_1_N002,38.900569285495344,-121.29426074339143,35.53211
LINCLN_1_N003,38.900569285495344,-121.29438045660856,35.53211
LINDEN_6_N101,38.016891,-121.095875,33.36733
LIPTON_6_N001,37.96812171,-121.2686307,32.34279
LITEHIPE_6_N001,33.880337222508835,-118.17514521979062,28.39073
LITEHIPE_6_N008,33.8803531892646,-118.17535395009901,28.39073
LITTLERK_6_N001,34.61574431803345,-117.96799894292494,29.63987
LITTLESH_LNODELD1,41.70174123,-122.3696599,15.1721
LIVEOAK_7_N004,39.27706530086978,-121.66044040216873,38.38714
LIVEOAK_7_N005,39.27706530086978,-121.66056059783126,38.38714
LIVERMRE_6_N001,37.68013099998621,-121.78059286544908,33.5764
LIVERMRE_6_N003,37.68013099998621,-121.78070713455092,33.5764
LIVNGSTN_6_N001,37.363379203022006,-120.760425,31.20972
LKHODG1_7_N001,33.05882516998864,-117.1191503852145,30.47502
LKHODG2_7_N001,33.05882516998864,-117.1192572147855,30.4802
LLAGAS_1_N001,37.006958040367174,-121.557391,33.3213
LLAGAS_1_N003,37.00687697980194,-121.55733239433584,33.3213
LLAGAS_1_N005,37.00687697980194,-121.55744960566416,33.3213
LMBIGENT_2_N003,38.24129880476015,-121.85511483820666,33.15125
LMBIGENT_2_N004,38.241479195127894,-121.8551148384916,33.15125
LMEC1_1_LN001,38.02990999998608,-121.87238265430828,33.80288
LMEC1_1_LN002,38.02990999998608,-121.87249734569171,33.80288
LMEC1_1_N001,38.030625,-121.896783,33.80288
LMEC1_1_N101,38.03062499994427,-121.89666830800388,33.80288
LMEC1_1_N601,38.0305346591732,-121.89666830814532,33.80288
LMEC1_1_N801,38.03047077865233,-121.89674940756281,33.80288
LMECCT1_7_N001,38.0304867914731,-121.89697004046927,33.80288
LMECCT2_7_N001,38.03063805852326,-121.89708599331652,33.80288
LMECST1_7_N001,38.03081089924409,-121.89703337694175,33.80288
LMPC-CTY_1_N001,34.6,-120.39,30.30018
LNGBATGN_7_CN3,34.87463734866425,-117.06458087304199,30.47995
LOCKFORD_7_N001,38.11750173998603,-121.16091171996122,31.79911
LOCKFORD_7_N002,38.11750173998603,-121.16102648003877,31.79911
LOCKHD1_1_N001,37.409054,-122.03213,33.56847
LOCKHD1_1_N025,37.409444439986395,-122.03160981895633,33.56847
LOCKHD1_1_N026,37.409444439986395,-122.03172358104366,33.56847
LOCKHD2_1_N001,37.416224,-122.030655,33.5814
LOCKHD2_1_N004,37.416039999986346,-122.0307831119047,33.5814
LOCKHD2_1_N005,37.416039999986346,-122.0308968880953,33.5814
LODICITY_6_N001,38.14609999998607,-121.29970261003638,33.63435
LODICTG_7_N001,38.08821999998609,-121.38773263075427,33.50467
LODISTG_7_N001,38.08821999998609,-121.38784736924572,33.50467
LODI_6_N001,38.13725762,-121.2611817,33.55673
LOGANCR_2_N001,39.53955399998549,-122.26277291112409,22.46645
LOGANCR_2_N010,39.53955399998549,-122.26288908887592,22.46645
LONESTAR_1_N001,37.511676999986356,-122.20756301431467,33.82598
LONESTR_6_N001,37.01724322,-122.1997043,33.60469
LONETREE_2_N001,37.94596225998609,-121.7592030935301,33.20384
LONETREE_2_N014,37.94596225998609,-121.7593177064699,33.20384
LOR-BOR_6_N001,35.12346799998752,-118.3795938744299,28.1655
LOSALTS_6_N004,37.3939352129738,-122.114735,33.59693
LOSALTS_6_N005,37.393853893498445,-122.11467590496156,33.59693
LOSALTS_6_N101,37.393853893498445,-122.11479409503845,33.59693
LOSCCHS_6_N001,32.859853544801766,-116.89915639902401,31.59834
LOSCOCHS_6_N001,32.85967445510792,-116.89915639923925,27.80265
LOSCOCHS_6_N034,32.85967445510792,-116.89936960076076,27.80265
LOSCOCHS_6_N050,32.859853544801766,-116.89936960097599,27.80265
LOSGATS_6_N002,37.226423999986494,-121.97722832893687,33.74957
LOSGATS_6_N201,37.226423999986494,-121.97734167106313,33.74957
LOSOSTS_6_N001,36.29386399998714,-121.20001444426723,31.65267
LOSOSTS_6_N005,36.29386399998714,-121.20012555573277,31.65267
LOUISE_6_N001,37.80828999998619,-121.28789277304821,32.44869
LOUISE_6_N002,37.80828999998619,-121.28800722695179,32.44869
LOVELAND_6_N001,32.796957,-116.792258,28.01481
LOWGAP_7_N001,40.4327289999849,-123.47220368717633,14.94177
LOYALTON_LNODETY,39.6680639999855,-120.24305624345052,10.17614
LOYOLA_6_N001,37.360660999986344,-122.09993417231678,33.4598
LOYOLA_6_N004,37.360660999986344,-122.10004782768323,33.4598
LPFBSP_6_N001,40.805696069984606,-124.19312956142899,13.12772
LPFBSP_6_N003,40.805696069984606,-124.19324903857101,13.12772
LPFLKBD_6_N001,40.90531287003298,-124.07263517372719,11.77432
LPSAMOA_7_N001,40.81999999998456,-124.18466224807065,11.92438
LSGLLNS_1_N001,38.022339207228725,-122.537978,37.73379
LSGLLNS_1_N002,38.0222578963706,-122.53791840805536,37.73379
LSGLLNS_1_N003,38.0222578963706,-122.53803759194464,37.73379
LSMOLNO_6_N001,40.0343042,-122.0961261,13.80937
LSNAPCC_6_N001,39.48083299998553,-121.5622800238927,38.17414
LSPSTAS_2_N001,37.700982436898656,-121.73360569835381,33.42893
LSPSTAS_2_N002,37.70080156299109,-121.73360569863272,33.42893
LSPSTAS_2_N010,37.70080156299109,-121.7338343013673,33.42893
LSPSTAS_2_N011,37.700982436898656,-121.73383430164618,33.42893
LSTHLLS_6_N001,35.785755,-119.866138,29.96384
LTHRNECK_1_N001,34.244997,-116.097688,27.6971
LUCERNE_1_N001,39.110189,-122.81298,5.88841
LUCERNE_1_N004,39.11,-122.81,5.88841
LUCERNE_LNODELD,41.60361,-122.5225,15.58183
LUIS#3_1_N001,36.65,-120.73,30.63518
LUIS#5_1_N001,36.72,-120.75,30.63776
LVNGSTN_7_N002,37.36329789847426,-120.76036593987695,31.76218
LYOTH-SP_6_N001,37.721862,-121.390858,32.53665
LYTNVLLE_6_N001,39.684962,-123.476979,1.90198
MABURY_1_N001,37.36089599998639,-121.86395517205479,33.67713
MABURY_6_N001,37.36089599998639,-121.86406882794522,33.93585
MACDOEL_LNODE20,41.83166999998427,-122.00465973878569,15.22378
MACDOEL_LNODE45,41.83166999998427,-122.00478026121432,15.22378
MADERA_6_N001,36.92341899520925,-120.05546,31.21592
MADERA_6_N004,36.92333800238109,-120.0554015075286,31.21592
MADERA_6_N014,36.92333800238109,-120.05551849247139,31.21592
MADISON_1_N001,38.67077606834178,-121.96902265870808,33.41688
MADISON_1_N002,38.67059643154549,-121.96902265899675,33.41688
MADISON_1_N201,38.67059643154549,-121.96925274100325,33.41688
MADISON_LNODE1,38.67077606834178,-121.96925274129191,19.8532
MAGUNDEN_1_N002,35.362158999949884,-118.92356668154515,30.12907
MAGUNDN_7_N003,35.36224896582562,-118.923677,30.12907
MAINE-PR_6_N001,38.385820999985995,-121.77582145519017,33.55142
MALAGA_1_N001,36.69415479048744,-119.72474601890697,31.19763
MALAGA_1_N004,36.69397520940774,-119.72474601916853,31.19763
MALAGA_1_N005,36.69397520940774,-119.72496998083147,31.19763
MALAGA_1_N206,36.69415479048744,-119.72496998109303,31.19763
MANCHSTR_1_N001,36.78803392229639,-119.787488,31.27405
MANCHSTR_1_N002,36.787953038837564,-119.78742968988867,31.27405
MANCHSTR_1_N005,36.787953038837564,-119.78754631011132,31.27405
MANDLY1G_7_N002,34.207498198093205,-119.249016,28.49578
MANDLY2G_7_N002,34.20741690094034,-119.2489592448821,28.49578
MANDLY3G_7_N001,34.20741690094034,-119.2490727551179,28.49578
MANTECA_1_N001,37.80151542742815,-121.22356755493873,32.47973
MANTECA_1_N002,37.80133457246114,-121.22356755521895,32.47973
MANTECA_1_N012,37.80133457246114,-121.22379644478104,32.47973
MANTECA_1_N013,37.80151542742815,-121.22379644506127,32.47973
MANVILLE_1_N001,34.53,-120.43,30.19152
MARASCHI_1_N007,33.925822999988064,-116.98759669491432,27.381
MARASCHI_1_N008,33.925822999988064,-116.98770530508568,27.381
MARBLE_6_N001,39.756979,-120.370813,37.96103
MARGARTA_1_N001,33.55007578845692,-117.62798626281774,29.19591
MARGARTA_1_N002,33.54989621144975,-117.62798626304166,29.19591
MARGARTA_1_N008,33.54989621144975,-117.62820173695833,29.19591
MARGARTA_1_N009,33.55007578845692,-117.62820173718225,29.19591
MARICOPA_6_N001,35.107547,-119.398151,29.83671
MARIPOS2_6_N001,37.50445799998627,-120.00773602136582,7.55115
MARIPOS2_6_N003,37.50445799998627,-120.00784997863418,7.55115
MARTELL_6_N001,38.369191999986,-120.79669245138386,31.86121
MARTINC_1_LN001,37.70315322,-122.4100259,33.91654
MARTINC_1_N715,37.70315321994476,-122.40991159502157,33.91654
MARTINEZ_1_N001,38.02,-122.16,34.07971
MATHEW_6_N001,37.36308950618645,-121.94580757661163,33.95914
MATHEW_6_N002,37.36308950618645,-121.94592123738838,33.95914
MAXWELL_6_N001,39.276849999985735,-122.15338217101461,21.41284
MAXWELL_6_N002,39.276849999985735,-122.15349782898538,21.41284
MCARTHR_6_N001,41.05270199998445,-121.40878106361407,12.23133
MCCALL_1_N026,36.61141783540495,-119.639697,30.95046
MCCALL_1_N030,36.61133708228342,-119.63963891745578,30.95046
MCDISLE_6_N001,37.93693288402067,-121.52832945017714,32.77915
MCFRLND_6_N001,35.688444,-119.276835,30.24291
MCFRLND_6_N005,35.688562,-119.2768536,30.24291
MCKEE_1_N001,37.366407204044364,-121.843789,33.59951
MCKEE_1_N005,37.36632589796316,-121.84372993637959,33.59951
MCKEE_1_N101,37.36632589796316,-121.84384806362041,33.59951
MCKTTRCK_6_N002,35.29667268,-119.6264732,30.07991
MCMULLN1_2_N001,36.592774999986986,-119.98900913200528,30.79679
MCSP_6_B1,38.37381143,-120.9575949,31.85862
MDLRIVR_6_N001,37.93693288402067,-121.52844854982285,32.52042
MDWYPS_6_N001,35.402824999987416,-119.45497183549746,30.07215
MECCTG1_7_N100,37.239909741275135,-121.77988662517618,32.84266
MECCTG2_7_N100,37.2400902586168,-121.78011337509535,32.84266
MEDWLNE_1_N001,37.963141225082815,-122.052361,34.05125
MEDWLNE_1_N002,37.963059887443606,-122.05230143651556,34.05125
MEDWLNE_1_N006,37.963059887443606,-122.05242056348443,34.05125
MELROSE_6_N001,33.206548572782346,-117.25290847235439,30.65777
MELROSE_6_N004,33.206470999954156,-117.25285494480366,30.65777
MELROSE_6_N005,33.20639342719472,-117.25290847244926,30.65777
MELROSE_6_N009,33.20639342719472,-117.25301552755073,30.65777
MENLO_6_N001,37.4330313740754,-122.20260718789906,33.95793
MENLO_6_N002,37.43285062581547,-122.2026071881739,33.95793
MENLO_6_N003,37.43285062581547,-122.2028348118261,33.95793
MENLO_6_N004,37.4330313740754,-122.20283481210093,33.95793
MERCEDFL_7_N001,37.27291118626306,-120.48680827325609,10.04861
MERCED_1_N001,37.27275481370981,-120.48680827337391,30.90565
MERCED_1_N002,37.27275481370981,-120.48692172662608,30.90565
MERIDIAN_6_N101,37.225299,-121.744182,21.26796
MESACAL_6_N001,34.03750812767229,-118.109265,28.20583
MESAHGTS_6_LN001,32.82957476998875,-117.1572094131357,32.33453
MESAHGTS_6_N001,32.829628731503114,-117.157263,32.31642
MESAHGTS_6_N007,32.82954813423625,-117.15720762268285,32.31642
MESAPGE_2_LN001,35.008542999987604,-120.45319710203701,30.31829
MESARIM_6_N001,32.90489828995473,-117.17294705491136,31.31472
MESARIM_6_N007,32.90480875361772,-117.1730537,31.31472
MESARIM_6_N008,32.90489828995473,-117.17316034508863,31.31472
MESARIM_6_N012,32.904987826382325,-117.1730537,31.31472
METCALF_1_N018,37.22435199998651,-121.74197733145253,32.90734
METTLER_6_N001,38.078067,-121.2867,33.35493
MI-WUK_1_N001,38.052745,-120.217268,11.46955
MIDDLTWN_6_N002,38.7527889999859,-122.60852945612646,-6.20824
MIDDLTWN_6_N101,38.7527889999859,-122.60864454387354,-6.20824
MIDWAY_1_N085,35.40411,-119.4531,29.59869
MILLBRAE_1_N001,37.605189,-122.391045,33.86738
MILLBRAE_1_N004,37.60518899994505,-122.39093085578821,33.86738
MILLBRAE_1_N201,37.60518899994505,-122.3911591442118,33.86738
MILLBRAE_6_N001,37.6052794289691,-122.391045,33.93465
MILLER_1_N001,37.81,-121.1,32.31674
MILPITAS_1_N001,37.415395,-121.888564,33.58399
MILPITAS_1_N003,37.41539499994551,-121.8884502251851,33.58399
MILPITAS_1_N005,37.41530463419468,-121.888564,33.58399
MILPITAS_1_N006,37.41539499994551,-121.88867777481491,33.58399
MIRABEL_6_N001,38.489406,-122.894261,44.67702
MIRALOMA_6_N001,34.00428099995215,-117.5650672101335,27.80945
MIRAMAR_6_N001,32.893993,-117.135636,31.28439
MIRAMAR_6_N004,32.89399299995472,-117.13552936600023,31.28439
MIRAMAR_6_N017,32.89390346190348,-117.135636,31.28439
MIRASNTO_6_N001,32.89263799998867,-117.20585868367998,31.44041
MIRASNTO_6_N002,32.89263799998867,-117.20596531632002,31.44041
MISSION_6_N001,32.784191999954906,-117.13741946348074,32.42967
MISSION_6_N002,37.395067928926814,-121.980225789,33.97466
MISSION_6_N003,37.39498660892182,-121.98016669268357,33.97466
MISSION_6_N004,37.39498660892182,-121.98028488531642,33.97466
MISSION_6_N031,32.784102432995425,-117.137419463588,32.42967
MISSION_6_N040,32.78403909963224,-117.13749479622959,32.42967
MISSION_6_N049,32.78402395366435,-117.13759979827648,32.42967
MISSION_6_N050,32.78405497532175,-117.13769974052362,32.42967
MISSION_6_N051,32.784120298199866,-117.13777262994303,32.42967
MISSION_6_N052,32.78420494674158,-117.13780744816847,32.42967
MISSION_6_N053,32.78429437993416,-117.13780162777863,32.42967
MISSION_6_N054,32.78437630697717,-117.13775857312064,32.42967
MISSION_6_N055,32.78444148293951,-117.1376854976022,32.42967
MISSION_6_N056,32.78448388657849,-117.13759165657059,32.42967
MISSION_6_N057,32.78450052951836,-117.1374869750709,32.42967
MISSIX_7_N006,37.777445158841985,-122.4138888,33.96311
MISSIX_7_N007,37.77736377056407,-122.41382934945827,33.96311
MISSIX_7_N008,37.77736377056407,-122.41394825054174,33.96311
MNDCTP_6_N001,39.251247,-123.196582,-4.68816
MOCCASIN_1_N009,37.80945,-120.2992944,30.60934
MOCO_6_N001,35.09081798998752,-119.40707661961468,29.82636
MOFTFLD_1_N002,37.41,-122.04,33.55553
MOLINO_6_N002,38.42527299998595,-122.83215753598292,44.89694
MOLINO_6_N101,38.42527299998595,-122.83227246401708,44.89694
MONARCH_6_N001,37.96936628,-121.2802524,32.39453
MONDAVI_6_N001,38.15265177,-121.2454453,33.56708
MONOLITH_6_N029,34.92999999998754,-118.4199449189089,28.29745
MONOLITH_6_N101,34.92999999998754,-118.4200550810911,28.29745
MONROE_1_N001,38.45321800700051,-122.743668,41.14351
MONROE_1_N002,38.45313699648462,-122.74360827529611,41.15127
MONROE_1_N101,38.45313699648462,-122.74372772470389,41.15127
MONSRATE_6_N001,33.32908099998846,-117.23541536188321,30.59954
MONSRATE_6_N007,33.32908099998846,-117.23552263811678,30.59954
MONTAGUE_1_N001,37.40375521599691,-121.905675,33.76768
MONTAGUE_1_N006,37.403673891986756,-121.90561589392182,33.76768
MONTAGUE_1_N007,37.403673891986756,-121.90573410607819,33.76768
MONTCLLO_1_N008,38.48,-122.32,40.22473
MONTEREY_6_N001,36.59997083032819,-121.890341,32.42678
MONTEREY_6_N004,36.599890084821844,-121.8902829315514,32.42678
MONTEREY_6_NLD2,36.599890084821844,-121.8903990684486,32.42678
MONTERO_6_N001,38.47145299998595,-123.01207452586034,45.11944
MONTERO_6_N004,38.47145299998595,-123.01218947413966,45.11944
MONTGMRY_6_N001,32.631633999988686,-117.09951777952129,32.07299
MONTGMRY_6_N002,32.631633999988686,-117.0996242204787,32.07299
MOORPARK_2_LN001,34.28090422152374,-118.9034,28.18272
MOORPARK_6_N001,34.28245799998789,-118.90073231455499,28.18272
MOORPARK_6_N008,34.280822889225014,-118.90345682919472,28.18272
MORAGA_1_N001,37.848008,-122.160732,33.69939
MORGAN_1_N001,37.12745917114046,-121.65871690356438,29.73581
MORMON_6_N001,37.968746,-121.185898,33.06722
MOROHILL_6_N001,33.252187,-117.300305,30.71986
MORROBY_1_N001,35.373004,-120.855187,30.14236
MOSSLD_1_N001,36.804150842399494,-121.78373687034716,32.12408
MOSSLND6_7_ND001,36.80399515757413,-121.78384912953872,32.04767
MOSSLND7_7_ND001,36.804150842399494,-121.78384912965284,32.04767
MOTT_LNODE,41.262727,-122.270475,21.40468
MPLECRK_6_N001,40.767881,-123.87365,15.15888
MREIS-Q_1_N001,38.12,-122.33,38.37284
MREISQ_1_N007,38.08527778,-122.2572222,38.37284
MRGNHIL_1_N001,37.12727882875214,-121.65871690383386,33.21522
MRGNHIL_1_N004,37.12727882875214,-121.65894309616613,33.21522
MRGNHIL_1_N007,37.12745917114046,-121.65894309643562,33.21522
MRTSVAL_LNODE32,39.329538,-120.170031,10.17097
MRYSVLLE_6_N001,39.13944599998575,-121.58327227419691,37.8093
MRYSVLLE_6_N003,39.13944599998575,-121.58338772580308,37.8093
MSHR60V_6_N001,38.02156120748372,-121.280952,33.84204
MSHR60V_6_N006,38.021479896243086,-121.28089240840777,33.84204
MSHR60V_6_N014,38.021479896243086,-121.28101159159225,33.84204
MSSION_6_N069,32.78445725656559,-117.13728237663,32.42967
MTEDEN_1_N001,37.63264525976642,-122.10124,33.82598
MTEDEN_1_N005,37.632563870101905,-122.10118066447778,33.82598
MTEDEN_1_N009,37.632563870101905,-122.10129933552223,33.82598
MTNGATE_6_N001,40.73707229,-122.3226353,11.84977
MTNHOUSE_LNODE1KV,37.79428,-121.55964,31.75719
MTNPASS_1_N001,35.508179,-115.53125,25.91031
MTNQUAR_6_N001,38.914515,-121.015694,35.22263
MTVIEW_1_N001,34.07927114678052,-117.240376,33.43393
MTVIEW_1_N004,34.079189926596804,-117.24031938460595,33.43393
MTVIEW_1_N005,34.079189926596804,-117.24043261539406,33.43393
MURRAY_6_N001,32.79087756459772,-117.0229334582287,35.53447
MURRAY_6_N004,32.790698435312095,-117.02293345844329,35.53447
MURRAY_6_N005,32.790698435312095,-117.02314654155671,35.53447
MURRAY_6_N015,32.79087756459772,-117.0231465417713,35.53447
MUSLSLGH_6_N001,36.264507,-119.907357,30.324
MUSTANG_6_N001,36.233512,-119.916993,30.42696
NAJ_6_N003,37.3852798303,-121.956589844,33.60986
NAPA_6_N002,38.295440220696214,-122.27852173277134,37.8723
NAPA_6_N004,38.29525991919176,-122.27875146694323,37.8723
NAPA_6_N005,38.295440220696214,-122.27875146722866,37.8723
NARROWS1_7_N001,33.13712344927391,-116.2943780565384,34.42445
NARROWS_6_N010,33.137302550634665,-116.29459194367982,31.88278
NATNLCTY_6_N001,32.67305199998863,-117.10726576866911,32.13194
NATNLCTY_6_N005,32.67305199998863,-117.10737223133088,32.13194
NAVSTMTR_6_N001,32.67041199998878,-117.11463876940559,32.15429
NAVSTMTR_6_N011,32.67041199998878,-117.11474523059441,32.15429
NAVY35R_1_N001,35.29,-119.45,29.5754
NAVYLAB_6_N101,36.58956249,-121.8638052,32.36728
NBRANCH_6_N001,38.199837,-120.719506,31.86121
NCMETER_1_N001,33.089572,-117.203236,30.94142
NCPA1GY1_7_N001,38.329999999986036,-122.63005744213352,39.68499
NCPA1GY2_7_N001,38.33999999998601,-122.64005744453604,39.68499
NCPA2GY1_7_N001,38.34999999998599,-122.65005744690819,39.69793
NCPA2GY2_7_N001,38.329999999986036,-122.68005744213352,39.69275
NDUBLIN_2_N002,37.86,-121.88,33.39789
NDUNSMUI_LNODE7,41.2207989999844,-122.27643096616978,21.23488
NDUNSMUI_LNODE9,41.2207989999844,-122.27655103383022,21.23488
NEENACH_6_N001,34.312325230055876,-118.481634,28.33952
NEWARKD_1_N001,37.50049924095103,-121.987091,33.50378
NEWARKD_1_N012,37.500417879509776,-121.98703179018516,33.50378
NEWBURG_6_N001,40.59455299998477,-124.13512748525541,11.1896
NEWBURG_6_N003,40.59455299998477,-124.13524651474458,11.1896
NEWELL_LNODE90,41.888139999984205,-121.37832971620207,15.04367
NEWHALL_1_N001,36.86718099998678,-120.32825478878492,32.02349
NEWHALL_1_N002,36.86718099998678,-120.32836721121508,32.02349
NEWHOPE_6_N001,38.22560899,-121.4738136,33.63435
NEWMAN_6_B2,37.31543099998646,-121.01505122358405,33.25591
NEWMAN_6_N001,37.31543099998646,-121.01516477641594,33.25591
NOISLMTR_6_N004,32.70244776093939,-117.182166,32.26836
NOISLMTR_6_N009,32.702367119518385,-117.18211067144682,32.26836
NORCO_1_N001,35.28535,-119.308893,29.85741
NORD1_1_N001,39.759998999985385,-121.90689363690683,40.51463
NORD1_1_N003,39.759998999985385,-121.90701036309318,40.51463
NORTECH_1_N001,37.46,-121.76,33.67713
NORTECH_1_N008,37.42059067,-121.9599814,33.67713
NORTHCTY_6_N004,32.958672179988696,-117.22057304820974,31.43689
NORTHCTY_6_N010,32.958672179988696,-117.22067975179026,31.43689
NORTHOAK_6_N003,35.96341049994922,-119.4569070444173,27.93435
NORTHOAK_6_N004,35.96350005472762,-119.4567964,27.93435
NORTHOAK_6_N005,37.36329789847426,-120.76048406012305,27.93435
NORTHSTR_LNODEXF2,39.280743,-120.112596,10.17097
NORTHWES_6_N001,37.402627146454066,-121.965268597,33.95914
NORTHWES_6_N002,37.40254582295827,-121.96520949218542,33.95914
NORTHWES_7_N005,37.40254582295827,-121.96532770181457,33.95914
NOTRDAME_1_N001,39.73042313,-121.7959489,40.44737
NOVATO_6_N001,38.10860199998601,-122.56828762317217,37.67946
NOVATO_6_N002,38.10860199998601,-122.56840237682783,37.67946
NRRW2TP1_6_N002,39.23513,-121.26873,34.57192
NRTHGRUM_6_N001,37.3798095,-122.0221402,33.86221
NRTHTWR_1_N001,38.06609732006694,-122.19555927864403,34.21684
NRTHTWR_1_N002,38.06591667982153,-122.19555927892729,34.21684
NRTHTWR_1_N004,38.06591667982153,-122.19578872107272,34.21684
NRTHTWR_1_N010,38.06609732006694,-122.19578872135597,34.21684
NTPTRL_6_N001,35.60555844317911,-119.70838226292514,30.17599
NUMITAP_1_N003,37.5,-122.04,33.6228
NUTGLADE_LNODE,41.178254,-122.290711,21.06508
NVYSCHL_6_N001,36.59909,-121.877082,32.39833
NWKDIST_2_N001,37.47999999998637,-121.97994304564625,33.55691
NWKDIST_2_N004,37.47999999998637,-121.98005695435374,33.55691
NWKDIST_2_N017,37.96361862509118,-121.29067763049022,33.55691
OAKC12_7_N002,37.79751331310943,-122.28096478011268,33.9814
OAKC12_7_N008,37.79792,-122.28214,33.9814
OAKC12_7_N009,37.79791999994464,-122.28202555970451,33.9814
OAKC12_7_N010,37.79782957188064,-122.28214,33.9814
OAKHURST_1_N001,37.32379499998641,-119.63394921398016,31.59366
OAKHURST_1_N002,37.32379499998641,-119.63406278601984,31.59366
OAKLAND_1_N001,37.79743499994459,-122.28090756034669,33.97881
OAKLAND_1_N006,37.797356686862834,-122.280964780234,33.97881
OAKLAND_1_N033,37.797356686862834,-122.28107921976599,33.97881
OAKLND3_7_N002,37.79801042811939,-122.28214,33.97881
OAKPARK_6_N001,37.9804348,-121.2985813,33.56262
OASISSC_6_N201,34.64702307142311,-118.09484039241912,29.21556
OCEANO_1_N001,35.10177099998753,-120.58099587832989,30.65463
OCEANO_1_N004,35.10177099998753,-120.5811061216701,30.65463
OCEANSDE_6_N001,33.19681799998853,-117.381743480479,30.79561
OCEANSDE_6_N002,33.19681799998853,-117.381850519521,30.79561
OIGLASS_1_N001,37.75,-121.31,32.38659
OILDALE_1_N001,35.42,-118.98,30.04886
OILFLDS_6_N001,35.95646873409211,-120.85121,30.82734
OILFLDS_6_N007,35.95638813294024,-120.8511525112428,30.82734
OLDRIVR_6_N001,35.20849410372945,-119.1001417218785,30.37227
OLDRIVR_7_N014,35.208313896170594,-119.10014172212325,30.37227
OLDTOWN_6_N001,32.7660027462676,-117.19242257725324,31.94289
OLDTOWN_6_N002,32.7660027462676,-117.19263562274676,31.94289
OLDTOWN_6_N003,32.766181893642255,-117.19263562296113,31.94289
OLEMA_6_N001,38.042497,-122.786541,38.12188
OLETA_6_N001,38.48064499998599,-120.84462852385393,34.83196
OLETA_6_N003,38.48064499998599,-120.84474347614606,34.83196
OLINDA_6_N001,33.94616008273055,-117.922244,28.14476
OLIVHRST_1_N001,39.0918869999858,-121.54288430472884,36.88201
OLIVHRST_1_N002,39.0918869999858,-121.54299969527116,36.88201
OMAR1G_7_LN001,35.45209688511312,-118.98525465740043,27.51142
OMAR2G_7_LN001,35.4519171147865,-118.98525465764695,27.51142
OMAR3G_7_LN001,35.4519171147865,-118.98547534235306,27.51142
OMAR4G_7_LN001,35.45209688511312,-118.98547534259957,27.51142
OMAR_2_N001,35.475983864148716,-118.98698399999999,27.51142
OMWD_6_N001,33.06847863998861,-117.14145762144337,30.55991
ONEILPMP_7_LN001,37.098611,-121.0475,30.91736
ORACLE60_6_N001,37.53059,-122.26675,33.88549
OREGNTRL_1_N001,40.61902099998471,-122.32226045686366,11.71523
OREGNTRL_6_N001,40.61902099998471,-122.32237954313634,11.88755
ORICK_6_N001,41.294542,-124.056522,12.20897
ORLANDB_6_N001,39.725157705247604,-122.17875636615656,13.08771
ORLNDB_7_N002,39.725157705247604,-122.17898963384343,13.08771
ORMONAUX_6_B1,34.12977206841636,-119.16894,28.19566
OROLOMA_1_N005,36.886701431129765,-120.6549823,30.9936
OROLOMA_6_N001,36.886866,-120.655928,31.03241
OROSI_6_N006,36.54475899998702,-119.25172018759284,31.55985
OROSI_7_N002,36.54475899998702,-119.25183181240716,31.55985
OROVILLE_6_N001,39.50524442035656,-121.5593758990519,38.1612
OROVILLE_6_N005,39.50524442035656,-121.5596081009481,38.1612
OROVILLE_6_N102,39.50542357952801,-121.55960810124742,38.1612
ORTIGAGN_7_N002,36.98327542373002,-120.81940487471157,31.13331
OSOAP_7_N001,34.810278,-118.72,28.08061
OSOAP_7_N002,34.81027799995045,-118.71988992080949,28.08061
OSOAP_7_N003,34.81018761978131,-118.71988992093021,28.08061
OSOAP_7_N004,34.81012371139613,-118.71996775861193,28.08061
OSOBP_7_N001,34.81010842791115,-118.72007625228628,28.0832
OSOBP_7_N002,34.81013973121604,-118.72017951791273,28.0832
OSOBP_7_N003,34.810205647172396,-118.72025483113883,28.0832
OSOBP_7_N004,34.81029106426119,-118.72029080720088,28.0832
OTAYMGT1_7_N001,32.5739058,-116.9135773,33.98542
OTAYMGT2_7_N001,32.57381612394513,-116.9135773,33.98542
OTAY_6_N001,32.595287,-117.057627,32.11274
OTAY_6_N014,32.595286999955015,-117.05752057571618,32.11274
OTTER_6_N001,36.47781599998705,-121.7270037380447,33.35043
OXFORD_1_N001,36.7,-120.68,30.61965
P0504GT1_7_CN1,37.96379937479765,-121.2906776307724,30.59378
P0504GT1_7_N001,37.05268767219292,-121.0218314945833,30.59378
P0504GT2_7_N001,37.05286788770013,-121.02205730568483,30.59378
PA99MWQ1_7_LN001,33.019524468639815,-116.83804277748884,30.67247
PA99MWQ2_7_LN001,33.019703531269194,-116.83804277770571,30.67247
PACFCBCH_6_N001,32.799218999988646,-117.24014772581532,31.91662
PACFCBCH_6_N004,32.799218999988646,-117.24025427418468,31.91662
PACIFICA_6_N001,37.59458399998625,-122.48892793722666,34.24512
PACIFICA_6_N003,37.59458399998625,-122.48904206277334,34.24512
PACIPIP_6_N001,34.91873196360952,-118.9261908,30.14459
PACLUMB_7_N001,40.481388999984816,-124.10438462405541,9.92105
PADUA_6_N001,34.120216,-117.639076,27.78358
PALA_7_N002,33.355939989953846,-117.11198857166295,30.67247
PALMDALE_6_N001,34.566078,-118.059876,29.48205
PALMRCT1_7_N001,33.1209591099544,-117.11668368116077,30.43164
PALMRCT2_7_N001,33.1209591099544,-117.11689751883924,30.43164
PALMR_1_N001,34.825223,-120.298953,30.49164
PALM_6_N001,37.39449633988632,-121.957516242084,33.67196
PALM_6_N002,37.39449633988632,-121.957629971916,33.67196
PALOMAR_1_N001,33.12281772819047,-117.287925,30.89192
PALOMAR_1_N004,33.1227371358924,-117.28786944194597,30.89192
PALOMAR_1_N013,33.1227371358924,-117.28798055805403,30.89192
PANAMA_6_N001,35.29556801570901,-119.021525,30.47835
PANOBS2_7_N002,36.85865211527268,-120.45867279982099,30.57826
PANOBS3_7_N002,36.85872999994707,-120.45884140047256,30.57826
PANOCHE_1_N024,36.65353226724663,-120.58162405926382,30.59378
PANOCHE_2_N055,36.65353226724663,-120.58173594073618,30.59637
PANOCHE_7_N001,36.65360999994769,-120.58179188158532,30.59637
PANRAMA_1_N001,40.434409,-122.2679,12.35931
PARADISE_1_N001,39.761504,-121.618634,40.40597
PARADISE_1_N004,39.76064152,-121.6188711,40.40597
PARADISE_LNODEDISE,39.76150399994158,-121.6185172697882,25.37928
PARADISX_6_N001,39.761414267918745,-121.618634,32.79822
PARDSE_7_N002,39.76159373208136,-121.618634,32.80081
PARKR_6_N009,37.363350019212106,-121.947534931,33.96431
PARKR_6_N010,37.3632687146792,-121.9474758709107,33.96431
PARKR_6_N011,37.3632687146792,-121.9475939910893,33.96431
PARKWAY_2_N001,38.17,-122.25,33.52519
PARLIER1_1_N001,36.6076452,-119.5211598,31.24679
PAR_LNODEAPM,37.668079999986205,-120.9174128750731,32.19237
PAR_LNODEFVM,37.668079999986205,-120.9175271249269,32.19237
PATRICKS_LNODE49,41.88139,-123.86472,15.66901
PAULSWT_1_N001,36.99234705413821,-121.98202825128297,32.98304
PAULSWT_1_N004,36.9921669457552,-121.98202825154998,32.98304
PAULSWT_1_N101,36.99234705413821,-121.98225374871703,32.98304
PCHCOPP_6_N001,37.06225,-121.18039,30.91736
PEABODY_2_N002,38.285677158894416,-121.97019513777842,33.23163
PEABODY_2_N006,38.28549684099352,-121.97019513806376,33.23163
PEACHTON_6_N001,39.3784769999856,-121.68494608007006,39.08279
PEACHTON_6_N004,39.3784769999856,-121.68506191992994,39.08279
PEARBMAP_7_B1,34.508883999950896,-117.91829825412502,28.41472
PEARBMAP_7_B3,34.50879356514072,-117.9182982542441,28.41472
PEARBMAP_7_B4,34.50872961811796,-117.91837585623696,28.41472
PEARBMBP_7_B1,34.50871432539329,-117.91848402139897,28.41472
PEARBMBP_7_B3,34.50874564762435,-117.91858697434263,28.41472
PEARBMBP_7_B4,34.5088116034329,-117.91866205952238,28.41472
PEARBMCP_7_B1,34.50889707216307,-117.91869792664747,28.41472
PEARBMCP_7_B3,34.50898737191128,-117.91869193094361,28.41472
PEARBMDP_7_B1,34.50907009278566,-117.91864757930026,28.41472
PEASE_1_N001,39.1701925392649,-121.66108150610306,37.5078
PEASE_1_N009,39.17001346062112,-121.66108150639715,37.5078
PEASE_7_N002,39.1701925392649,-121.66131249389694,37.51039
PENDLETN_6_N001,33.30925299998849,-117.3349783807102,30.69175
PENDLETN_6_N004,33.30925299998849,-117.3350856192898,30.69175
PENNGRVE_1_N001,38.315547,-122.681119,39.66015
PENRYN_6_N001,38.8444299999859,-121.16613942513398,35.2899
PENRYN_6_N004,38.8444299999859,-121.16625457486602,35.2899
PEORIA_7_N001,37.90361110998615,-120.49744271590015,30.09809
PEORIA_7_N002,37.90361110998615,-120.49755728409986,30.09809
PEREZ_LNODED1,41.63306,-121.22639,15.1455
PERMNNTE_6_N002,34.355793,-116.855947,33.26058
PERRY_6_N001,35.57080511,-121.0558675,30.81245
PERRY_6_N008,35.570805,-121.055868,30.81245
PETLMAA_6_N001,38.234002,-122.636285,37.67567
PETLMAC_6_N002,38.2390641182539,-122.636804,37.9318
PETLMAC_6_N003,38.23898294085798,-122.63674432895719,37.9318
PETLMAC_6_N004,38.23898294085798,-122.6368636710428,37.9318
PFARMS_6_LN001,35.662673,-119.88478,29.91986
PHILLIPS_1_N001,37.34,-122.03,33.50896
PHILO_6_N001,39.063719,-123.437524,-9.27884
PICO_1_N001,33.45676299998844,-117.58919323286267,29.15028
PICO_1_N004,33.45676299998844,-117.58930076713733,29.15028
PIERCY_1_N201,37.28,-121.83,33.27352
PIKECTY_6_N001,39.438734,-120.997847,35.08161
PIT1_6_N001,38.030670659249246,-121.86908630802888,11.94933
PIT3_7_N001,38.030606778782065,-121.8691674075287,-0.27977
PIT5_7_B1,38.030591501969816,-121.86928044765509,-0.2332
PITSBRG_2_N058,38.03798999998602,-121.89493265087242,33.72129
PITSBURG_1_N001,38.03101263810665,-121.86937270758541,33.80029
PITTES1_2_N007,38.03798999998602,-121.89504734912758,33.80029
PITTSBRG_6_N101,38.031055408073875,-121.8692716827705,33.20264
PIUTE_6_N001,34.691137,-117.968753,29.46652
PLACERVL_1_N001,38.73027886166341,-120.788047,34.45164
PLACER_1_N001,38.901310999985846,-121.08802340262966,35.07516
PLACER_7_N009,38.901310999985846,-121.08813859737035,35.04153
PLAINFLD_6_N001,38.61887,-121.793976,36.85791
PLAINFLD_6_N003,38.61934234,-121.7942525,36.85791
PLOALTO_1_N001,33.35586235233513,-117.11204223587934,33.88549
PLOALTO_1_N007,33.35586235233513,-117.11214956412066,33.88549
PLOALTO_1_N013,33.355939989953846,-117.11220322833705,33.88549
PLSNTGR_1_N001,38.82227075999728,-121.306575,35.2406
PLSNTGR_1_N005,38.82219002998611,-121.30651517485526,35.2406
PLSNTGR_1_N009,38.82219002998611,-121.30663482514473,35.2406
PLSNTVLY_6_N001,36.307531,-120.251631,31.24059
PLUMAS_6_LN001,39.02629828,-121.5430647,36.74003
PLUMAS_6_N001,39.026121,-121.54308,36.74003
PMTFMPP_1_N001,37.9868115699861,-122.0404367263777,31.26526
PNEDLE_1_N001,36.829999999986725,-119.82994383698444,31.00497
PNEDLE_1_N002,36.829999999986725,-119.83005616301556,31.0205
PNEDLE_1_N009,38.65444444,-121.4483333,31.0205
PNEGRVE_6_N001,38.41271199998601,-120.6602245387678,31.76548
PNEGRVE_6_N002,38.41271199998601,-120.6603394612322,31.76548
PNTARNA_6_N001,38.912571,-123.679495,-8.11458
POINTLMA_6_N013,32.741557583654846,-117.23325749458253,32.06708
POINTLMA_6_N014,32.74137841625509,-117.23325749479669,32.06708
POINTLMA_6_N027,32.741557583654846,-117.23347050541746,32.06708
POLPASPP_6_N002,38.57552299994369,-121.49770299452835,29.98195
POMERADO_6_N001,32.941482719314884,-117.032882,30.09553
POMERADO_6_N004,32.9414021403303,-117.03282656531631,30.09553
POMERADO_6_N008,32.9414021403303,-117.03293743468369,30.09553
PORTOLA_LNODE31,39.803943999985336,-120.46453157749829,10.17356
PORTOLA_LNODE32,39.803943999985336,-120.46464842250171,10.17356
POSOMT_1_N001,35.55919399998747,-118.95744581153178,30.12389
POSOMT_1_N005,35.55919399998747,-118.95755618846822,30.12389
POST_1_N001,39.11,-121.64,35.44482
POTRERO_1_N001,37.46,-122.4,33.91913
POTRERO_1_N013,37.459999999945396,-122.3998861318849,33.91913
POTRERO_1_N016,37.45990961397913,-122.4,33.91913
POTRERO_1_N049,37.459999999945396,-122.4001138681151,33.91913
POTTRVLY_7_N001,39.36158213274746,-123.1289081,-3.909
POWAY_6_N001,32.978722999988655,-117.03130363648788,30.26287
POWAY_6_N010,32.978722999988655,-117.03141036351212,30.26287
PPSTLTAP_1_N001,38.01999999998606,-122.36994265860079,33.94517
PPSTLTAP_1_N104,38.01999999998606,-122.3700573413992,33.94517
PRAXAIR_1_B1,37.99999999998611,-121.80994266753221,33.88826
PRAXAIR_LNODEPM,37.99999999998611,-121.81005733246779,21.75356
PRCTRV1_7_N002,32.66504374998879,-116.98674797088407,31.984
PRCTRVLY_1_N001,32.66504374998879,-116.98685442911594,31.984
PRTCSTA_6_N001,38.03725907,-122.1780218,34.15474
PRUNEDLE_1_N001,36.785518920972784,-121.671051,32.31812
PRUNEDLE_1_N002,36.785438039499425,-121.67099269323379,32.31812
PSARBLS_6_N001,35.61564884893555,-120.67989,30.31967
PSARBLS_6_N005,35.61556807551859,-120.67983263488163,30.31967
PSARBLS_6_N007,35.61556807551859,-120.67994736511837,30.31967
PSEUDO1B_1_N002,37.70306278305818,-122.4100259,33.92689
PSEUDO1_1_N001,37.70315321994476,-122.41014020497842,33.92689
PSEUDO4_1_N001,37.7032436569418,-122.4100259,33.91913
PSP33A_7_N102,34.07740789995194,-117.20168394753776,27.55314
PSP33B_7_N102,34.07725384506231,-117.20176098862068,27.55314
PSP44A_7_N102,34.077335656756425,-117.20204512279159,27.55314
PSP44B_7_N102,34.077511052999995,-117.20207477824573,27.55314
PSQUINCY_6_N001,39.93480997744781,-120.88417999495674,37.9662
PSTCKTN_6_LN001,37.949994,-121.346315,32.0763
PTHLGEN_7_N001,38.28549684099352,-121.97042486193625,33.23163
PTMRTTI_6_N001,37.030856,-122.187639,33.59434
PTRRO230_2_LD1CN,37.46009038602093,-122.4,33.89843
PTTRVLY_6_N001,39.36150154861083,-123.12896827547551,-3.909
PUEBLOPG_1_N001,38.345348999986,-122.29956355419145,39.79469
PUEBLOPG_1_N010,38.345348999986,-122.29967844580855,39.79469
PUEBLOPG_1_NLD3,38.34472222,-122.2994444,39.79469
PURIFY_6_LN001,34.7881,-118.1665,29.52603
PURISIMA_1_N001,34.700622,-120.435261,30.28983
PUTCR_7_N001,38.52308412835564,-121.99439442898434,33.41688
PUTHCRK_1_N011,38.52290423153208,-121.99462437072829,33.42982
Q045CTG1_7_N001,37.63564731751685,-122.13369490177641,33.78718
Q045CTG2_7_N001,37.63549068245554,-122.13369490189677,33.78718
Q067STG1_7_N001,37.635568999944944,-122.1338661963268,33.78459
Q159AC1_7_N002,32.72142912222234,-116.26214933481018,25.25327
Q442GEN_7_N011,32.681235,-115.646258,23.5681
Q477_7_ND002,39.60787599998552,-121.76850316905504,39.21772
Q510_7_N010,32.66449999998866,-115.6739532289676,23.57069
Q643G_6_N002,40.124410019985106,-122.19622121940881,12.04055
Q643X_2_NM01,36.59011053998702,-120.40289386486458,30.54583
QUARTZHL_6_N001,34.659714,-118.228267,28.63861
QUEBEC_1_N001,36.07,-119.56,30.12389
RADUM_6_N001,37.67264599998626,-121.85946487140774,33.70835
RADUM_6_N004,37.67264599998626,-121.85957912859226,33.70835
RAINBOW_1_N001,36.709983,-119.538157,31.17694
RALSTON_6_N001,37.51135212317967,-122.3402601,33.53742
RALSTON_6_N002,37.51127075839538,-122.3402008791436,33.53742
RANCHRS_1_N001,36.700797999986875,-119.75437400116115,31.20798
RANDSBRG_1_N001,35.37567201391602,-117.65592532493676,28.81081
RAWSON_6_N001,40.145295999985066,-122.21242808907787,14.18849
RAWSON_6_N002,40.145295999985066,-122.21254591092213,14.18849
RAYCHEM_6_N001,37.48020651,-122.1650806,33.86479
RCARMEL_6_N001,32.99378371822819,-117.077745,30.37318
RCARMEL_6_N004,32.9937031408736,-117.07768953360795,30.37318
RCARMEL_6_N011,32.9937031408736,-117.07780046639205,30.37318
RDBLFPP_6_N001,40.145204,-122.199414,14.19367
RECTOR_6_N001,36.29851,-119.242336,26.54121
RECTOR_7_ND002,36.30463455962947,-119.24455043458264,26.55156
REDBLFF_6_N001,40.1825869024183,-122.244610070096,13.23898
REDBLFF_6_N004,40.1825869024183,-122.24484592990399,13.23898
REDBLFF_6_N005,40.18276709746204,-122.24484593021722,13.23898
REDBUD_1_N001,39.02788699998577,-122.66224734180834,-1.1725
REDBUD_1_N004,39.02788699998577,-122.66236265819167,-1.1725
REDMAN_6_N001,34.76259623959073,-117.96856,29.46394
REDWOOD_6_N001,37.490252,-122.213021,33.99416
REDWOOD_6_N002,37.49025199994532,-122.2129070707913,33.99416
REDWOOD_6_N005,37.49016160208324,-122.213021,33.99416
REDWOOD_6_N006,37.49025199994532,-122.21313492920869,33.99416
REDWOOD_6_N007,37.49034239791678,-122.213021,33.99416
REEDLEY_1_N001,36.605116999986976,-119.3758071174397,31.31147
REEDLEY_6_N001,36.605116999986976,-119.3759188825603,31.33476
RENFRO_1_N001,35.409999999987434,-119.16994483454441,29.84189
RENFRO_1_N010,35.409999999987434,-119.1700551654556,29.87552
RICE_6_N002,39.402805999985674,-122.01287205646442,21.78541
RICE_6_N101,39.402805999985674,-122.01298794353558,21.78541
RICHGEN_7_N001,37.937868166151496,-122.390718695286,34.12369
RICHMOND_1_B1,37.92597623462323,-122.369629,34.12111
RICHMOND_1_N001,37.92589488267337,-122.36956945615904,34.12369
RINCON_1_N001,33.285967608914305,-116.9585228047856,40.66751
RINCON_1_N003,33.28578839099371,-116.95852280500573,40.66751
RINCON_6_N001,33.28578839099371,-116.95873719499427,31.11897
RINCON_6_N008,33.285967608914305,-116.9587371952144,31.11897
RIOBRVO_1_N001,35.44252289360183,-119.26010566010629,29.91692
RIOBRVO_1_N006,35.44234310629778,-119.26010566035274,29.91692
RIOBRVTM_1_N001,35.44252289360183,-119.26032633989371,29.7177
RIODELL_6_N001,40.49543619975173,-124.099276,10.20824
RIODELL_6_N005,40.495354900107756,-124.09921427624421,10.20824
RIODELL_6_N009,40.495354900107756,-124.09933772375578,10.20824
RIOHONDO_6_N001,34.10610615849042,-117.97947,28.23308
RIPON_1_N001,37.719972869016964,-121.12994059215839,32.45128
RIPON_1_N008,37.719972869016964,-121.1300594078416,32.45128
RITEAID_6_N001,34.721,-118.1788,28.86111
RITTER_6_N001,34.702244,-118.17505,28.90251
RIVERROC_6_N001,36.902618,-119.771768,31.24179
RIVERVEW_1_N003,38.01478999998606,-121.7904786608926,33.1897
RIVRBANK_1_N001,37.76895425952452,-120.908163,31.57902
RIVRSIDE_6_N001,34.021864017940324,-117.33187712454752,27.7201
RMSNVJO_1_LN001,33.526249299988294,-117.59875905776511,29.18039
RMSNVJO_1_LN002,33.526249299988294,-117.5988667422349,29.18039
ROADWAY_1_N001,34.590373,-117.431752,28.07058
ROADWAY_1_N010,34.590368215933175,-117.4315568451805,28.07058
ROBROY_1_N001,36.979885,-121.867457,32.78124
ROCKAIR_6_N001,34.610248,-118.073278,29.48981
ROCKET_1_N001,34.933939,-117.692217,28.76045
ROCKLIN_6_N001,38.788043999985874,-121.23171544490323,35.10451
ROCKLIN_6_N003,38.788043999985874,-121.23183055509676,35.10451
ROGH-RDY_6_N001,37.95526599998612,-121.33253531114549,32.0763
ROSAMOND_6_N001,34.864472999987555,-118.23726994007113,28.60497
ROSECYN_6_N001,32.84459772910598,-117.236988,31.66706
ROSECYN_6_N017,32.84451713543481,-117.23693261581597,31.66706
ROSEDAL_1_N001,35.37703397144563,-119.077971,29.87811
ROSEMR_LNODEAEI,37.64253,-121.0423,32.20014
ROSE_6_N001,32.84451713543481,-117.23704338418403,30.00747
ROSSMOOR_2_N001,37.86470199998613,-122.08030973806707,33.65679
ROSSMOOR_2_N101,37.86470199998613,-122.08042426193292,33.65679
RSNTAFE_6_N009,33.014260999988664,-117.19850361461707,30.81766
RSNTAFE_6_N016,33.014260999988664,-117.19861038538293,30.81766
RSVTNRD_6_N001,36.624374,-121.68835,33.08136
RTRACK_1_N001,37.979737,-120.414515,30.28696
RUSSRCH_6_N001,40.819848,-123.826638,15.31929
RVRBANK_1_N001,37.76887287022286,-120.90810355553742,31.45501
RVRBANK_1_N005,37.76887287022286,-120.90822244446258,31.45501
SAFEWAY_1_N001,37.71,-121.4,32.30898
SALINAS_1_N001,36.683239999986945,-121.65120502290527,32.47853
SALINAS_1_N024,36.683239999986945,-121.65131697709472,32.47853
SALTCREK_6_N002,32.61928199998905,-116.94927678247507,32.99168
SALTCREK_6_N006,32.61928199998905,-116.94938321752493,32.99168
SALTSPRG_7_N001,38.49793437,-120.2179285,31.32565
SAMPSON_7_N006,32.694340118329364,-117.14239467397606,32.20461
SAMPSON_7_N007,32.694340118329364,-117.14250532602394,32.20461
SANARDO_6_N001,36.073766,-120.936804,31.16886
SANBRDNO_6_N001,34.07767515953707,-117.20154375190678,27.55314
SANBRDNO_6_N008,34.07746514073634,-117.20134902490193,27.55314
SANCRLS_6_N001,37.49972924078839,-122.243974,34.00192
SANCRLS_6_N002,37.499647879591045,-122.24391479097326,34.00192
SANCRLS_6_N004,37.499647879591045,-122.24403320902674,34.00192
SANDCRK_6_N001,36.64502999998689,-119.15920293037858,31.54174
SANDLOT_2_N023,34.93533299998761,-118.14485891734107,26.94636
SANDLOT_2_N025,34.93533299998761,-118.14496908265893,26.94377
SANGER_1_N001,36.707048059604304,-119.61075579620064,31.10449
SANGER_1_N009,36.707048059604304,-119.61087220379937,31.10449
SANJOQN_6_N001,36.62106483974649,-120.17811,30.85233
SANJOQN_6_N006,36.620984080112606,-120.17805190550351,30.8575
SANLUIS2_7_N001,37.06907687796754,-121.07683105236173,30.86562
SANLUIS2_7_N002,37.06901315215404,-121.07691091843046,30.86562
SANLUIS4_7_N001,37.069094853841584,-121.07720547182996,30.86562
SANLUIS4_7_N002,37.06918002691161,-121.07724238542458,30.86562
SANLUIS6_7_N001,37.06941802889171,-121.07711309608193,30.86562
SANLUIS6_7_N002,37.06946069530844,-121.0770136077536,30.86562
SANLUIS8_7_N001,37.06943390023774,-121.07668571549864,30.86562
SANLUIS8_7_N002,37.06937882103536,-121.0765963165007,30.86562
SANLUSRY_6_N013,36.77962699998679,-120.72995490173179,30.51806
SANLUSRY_6_N014,36.77962699998679,-120.73006709826822,30.51806
SANLUSRY_6_N043,33.211532759954174,-117.3343739362571,30.51806
SANLUSRY_6_N044,33.21144318463678,-117.33437393636667,30.51806
SANLUSRY_6_N045,33.21137984536439,-117.33444964181051,30.51806
SANLUSRY_6_N046,33.2113646979829,-117.33455516348411,30.51806
SANLUSRY_6_N047,33.21139572253334,-117.3346556003193,30.51806
SANLUSRY_6_N048,33.21146105150503,-117.33472885045208,30.51806
SANLUSRY_6_N049,33.21154570794446,-117.33476384098854,30.51806
SANLUSRY_6_N050,33.21163514948262,-117.33475799179958,30.51806
SANLUSRY_6_N101,33.2117170841721,-117.33471472407717,30.51806
SANLUSRY_6_N201,33.211782266218165,-117.33464128692498,30.51806
SANMATEO_1_N001,37.58333525489619,-122.319035,29.17098
SANMATEO_1_N001A,37.58325387253711,-122.31897570912398,33.70697
SANMATEO_1_N009,33.409472,-117.590641,29.17098
SANMATO_6_N001,37.58325387253711,-122.31909429087602,33.71215
SANMIGL_6_N001,35.75191999998732,-120.68410776485527,30.58616
SANMIG_6_N016,35.75191999998732,-120.68421823514473,30.58616
SANMRCOS_6_N001,33.128774149954396,-117.19716886934026,30.6706
SANMRCOS_6_N007,33.12868460147681,-117.19716886944933,30.6706
SANMRCOS_6_N011,33.128621281182845,-117.19724448078941,30.6706
SANMRCOS_6_N013,33.128637153594866,-117.19745018328726,30.6706
SANPBLO_1_N001,37.984803,-122.336618,33.95294
SANRAFL_1_N001,37.970858222937125,-122.527065,37.75966
SANRAFL_1_N006,37.97077688851645,-122.52700543261207,37.75966
SANRAFL_1_N007,37.97077688851645,-122.52712456738792,37.75966
SANRAMON_2_N001,37.745125434987564,-121.93600563263105,33.87394
SANRAMON_2_N004,37.74494456490202,-121.93600563291054,33.87394
SANRAMON_2_N023,37.74494456490202,-121.93623436708945,33.87394
SANRAMON_2_N024,37.745125434987564,-121.93623436736895,33.87394
SANTARO_1_N001,33.78461699446498,-116.41025972078828,27.04495
SANTARO_1_N014,33.78443700544048,-116.41025972101585,27.04495
SANTARO_1_N017,33.78443700544048,-116.41047627898415,27.04495
SANTARO_1_N021,33.78461699446498,-116.41047627921172,27.04495
SANTEE_1_N001,32.85461954601577,-116.96823740386814,29.7741
SANTEE_1_N004,32.854440453893844,-116.96823740408333,29.7741
SANTEE_7_N001,32.854440453893844,-116.96845059591668,29.7741
SANTIAGO_6_LN001,33.66518193221154,-117.767521,28.84687
SANTIAGO_6_LN002,33.665101033881534,-117.76746488187135,28.84687
SANTYSBL_6_1N001,33.11049298,-116.6711035,30.31256
SANYSDRO_6_N001,32.562237999988916,-117.02641779453799,32.30254
SANYSDRO_6_N004,32.562237999988916,-117.02652420546201,32.30254
SARATOGA_2_N001,37.28099617234283,-122.014883,33.09362
SARATOGA_2_N006,37.28091491381397,-122.0148240379766,33.09362
SARATOGA_2_N011,37.28091491381397,-122.0149419620234,33.09362
SAUGUS_6_N001,34.4222099999511,-118.5721663854507,28.05853
SAUSALTO_6_N001,37.86340599998612,-122.49836873883264,38.77904
SAUSALTO_6_N002,37.86340599998612,-122.49848326116737,38.77904
SAXONCRK_6_N001,37.59363146,-119.9857789,7.71932
SCHINDLR_1_N005,36.40229075794473,-120.138272,31.10347
SCHLNDLR_7_N001,36.40221012101372,-120.1383298425005,31.13193
SCHMLBCH_1_N001,38.3,-121.87,33.70924
SCLARA_2_LN001,34.3007956214976,-119.18541359496857,28.49578
SCLARA_6_N001,34.30071643113003,-119.18559878537813,28.49578
SCRIPPS_6_N001,32.91119872129761,-117.112589,30.99185
SCRIPPS_6_N008,32.91111813933897,-117.11253358224198,30.99185
SCRIPPS_6_N013,32.91111813933897,-117.112644417758,30.99185
SCWAX_1_N001,36.700797999986875,-119.75448599883885,31.2054
SDUNES_LNODED1,41.20124399998437,-122.2763497761522,14.57232
SDUNSMUI_LNODE,41.20124399998437,-122.27646982384779,21.16105
SEARLES_7_N001,35.756720789835555,-117.380556,27.91103
SEBASTIA_6_N001,38.13829665,-121.3878033,33.49018
SEFTAP_6_N003,36.41712,-121.31671,32.6674
SEMITRPC_1_N001,35.600398,-119.437498,29.8393
SERRA_6_N001,37.327215618586415,-121.99615626906825,33.87893
SERRA_7_N004,37.327215618586415,-121.99626984893175,33.87893
SERRMNTE_1_N011,37.69183743685224,-122.4558182874899,33.99674
SESWTF_1_N001,36.7779,-119.67419,31.08897
SFIA-MA_1_N001,37.63904926020716,-122.385896,33.91913
SFIA_1_N001,37.63896786988162,-122.38583665888167,33.87514
SFIA_1_N007,37.63896786988162,-122.38595534111833,33.87514
SFPPCNC_6_N001,38.03243728,-122.0736663,34.24271
SHADOWR_1_N001,33.14157655179735,-117.23868604972319,30.95436
SHADOWR_1_N006,33.14139744811125,-117.23868604994146,30.95436
SHADOWR_1_N008,33.14139744811125,-117.23889995005852,30.95436
SHADYGLN_6_N001,39.115058,-120.95331,35.09586
SHAFTER_1_N010,37.492384999986285,-122.13839203327613,29.92468
SHAFTER_7_N022,39.77608299994151,-122.10394676937125,29.92468
SHARON_1_N001,37.097275,-120.156454,32.57853
SHASTINA_LNODELD1,41.548666,-122.364174,15.30868
SHAWROAD_1_N001,37.55,-122.42,33.79753
SHELL1_7_N001,38.031697320166,-121.94561320702243,34.0823
SHELL2_7_N001,38.031516639722625,-121.94561320730533,34.08489
SHELL3_7_N001,38.031516639722625,-121.94584259269467,34.08489
SHEPHERD_1_N003,36.82684,-119.61,31.11881
SHLLCHM_6_N001,38.031697320166,-121.94584259297757,33.20005
SHNGLESR_1_N001,38.65969989665331,-120.946938,34.44129
SHNGLESR_1_N004,38.659619051658225,-120.94687822587784,34.44129
SHNGLESR_1_N103,38.659619051658225,-120.94699777412217,34.44129
SHOTGUNC_LNODE,41.053889,-122.381667,21.06508
SHREDDER_1_N001,37.511676999986356,-122.20767698568532,33.82598
SHUTTLE_6_N001,34.643495430225066,-118.1634220817816,28.96977
SIERABRK_LNODE19,39.646142,-120.217943,10.17614
SIERAPC_6_N001,40.86435367,-124.1554555,11.81312
SILVERDO_1_N001,38.49950299998593,-122.45908751973128,40.27389
SILVERDO_1_N002,38.49950299998593,-122.45920248026871,40.27389
SISK_LNODEKZH,37.69056,-121.02061,32.1289
SISK_LNODEYUP,37.690559999944874,-121.02049571450051,32.1289
SISQUOC_1_N001,34.87826099998756,-120.33120693531723,30.44765
SISQUOC_1_N020,34.87826099998756,-120.33131706468278,30.44765
SJNO2_6_N001,37.29143609998645,-119.52944584856736,31.99589
SLA_2_N001,37.41603416601835,-122.20510952387725,33.38736
SLA_2_N004,37.41585343387257,-122.20510952415181,33.38736
SLA_6_N001,37.41585343387257,-122.20533707584819,33.95793
SLA_6_N005,37.41603416601835,-122.20533707612275,33.95793
SLMNCRK_6_N001,38.343592,-123.044809,45.25398
SMRTVLTP_6_N101,39.207939,-121.301476,34.5771
SMTRPCWS_1_N001,35.59,-119.44,29.8393
SMUDGEO1_2_N006,38.75226,-122.71969,39.68499
SMYRGEN_7_B1,35.717831584724635,-119.4552778,29.9402
SMYRNA1_1_N005,35.717750877624105,-119.45522040856834,29.9402
SNANDRES_6_N001,37.603294,-122.420424,34.0252
SNBENITO_1_N001,36.86783,-121.56391,32.52769
SNBRNOT_6_N001,37.62095504,-122.4250948,34.11058
SNBRNRD_6_N001,35.09242099998756,-118.87818588008072,30.01006
SNBRNRD_6_NLD2,35.09242099998756,-118.87829611991928,30.01006
SNJOSEB_1_N001,37.34102432531631,-121.9009493888098,33.66678
SNJOSEB_1_N005,37.34084367457506,-121.9009493890831,33.66678
SNJOSEB_1_N009,37.34084367457506,-121.9011766109169,33.66678
SNJOSEB_1_N013,37.34102432531631,-121.9011766111902,33.66678
SNJSEA_1_N001,37.328246190599145,-121.902531,33.65126
SNJSEA_1_N005,37.32816490468582,-121.90247198103432,33.65126
SNJSEA_1_N101,37.32816490468582,-121.90259001896567,33.65126
SNLNDRO_1_N001,37.711237436769906,-122.14880668270004,34.41864
SNLNDRO_1_N014,37.71105656311971,-122.14880668297907,34.41864
SNLNDRO_1_N017,37.71105656311971,-122.14903531702092,34.41864
SNLNDRO_1_N027,37.711237436769906,-122.14903531729996,34.41864
SNLSOB_7_N001,35.261832749987526,-120.63480195364221,30.33123
SNLSOB_7_N002,35.261832749987526,-120.63491224635779,30.33123
SNLSPP_2_N023,37.06930719158489,-121.07652777238619,30.9096
SNTAMRA_1_N001,33.1287024629922,-117.19752334236787,30.45542
SNTAMRA_1_N005,33.12878709406593,-117.1975582894093,30.45542
SNTANLA_6_N001,37.08597899998663,-121.01321650454071,30.96393
SNTANLA_6_N004,37.08597899998663,-121.01332949545929,30.96393
SNTARSA_1_N001,38.43676811353789,-122.71319526700344,41.02093
SNTARSA_1_N002,38.43676811353789,-122.71342513299655,41.02093
SNTARSA_1_N006,38.43694816634972,-122.7134251332832,41.02093
SNTARTA_6_N001,37.055061,-120.634086,31.2963
SNTAYNZ_1_N001,34.625273999987726,-120.11813905143147,30.61582
SNTAYNZ_1_N002,34.625273999987726,-120.11824894856854,30.61582
SNTHLNE_6_N001,37.6223639999863,-122.44717791303894,34.17526
SNTHLNE_6_N002,37.6223639999863,-122.44729208696106,34.17526
SOBRANTE_1_N001,37.90594,-122.208144,33.88308
SOLBGEN_7_N002,36.720745456174654,-120.4579000215881,30.793
SOLEDAD_1_LN001,36.42956722600307,-121.331901,32.65446
SOLEDAD_1_N018,36.42948657698447,-121.33184312850868,32.65446
SOLEDAD_6_N001,36.42948657698447,-121.33195887149131,32.6674
SONGSL_7_N001,33.371418,-117.557337,29.01977
SONOFRE_2_N067,33.369728,-117.55433,29.01977
SONOMA_1_N002,38.276388889985974,-122.46188697135591,38.40383
SONOMA_1_N007,38.276388889985974,-122.46200182864409,38.40383
SOUTHBAS_1_N001,34.881503,-117.892023,29.75913
SOUTHBY_6_N001,38.575612901218726,-121.497588,32.61618
SPANSHCK_6_N001,40.026139,-120.961748,39.32968
SPAUL1-2_7_N001,39.32438938,-120.644793,34.66212
SPENCE_6_N001,36.613590999986975,-121.56672310737689,32.6881
SPENCE_6_N009,36.613590999986975,-121.5668348926231,32.6881
SPI-QUCY_7_N001,39.94083299998525,-120.8754973854901,37.9662
SPICAMIN_1_N001,38.739925711802805,-120.6771159,34.42576
SPILINCF_7_N001,38.903332999985885,-121.30883140177836,35.52176
SPRINGVL_6_N001,36.10586253074472,-118.93516918490357,27.09488
SPRNGVLY_6_N001,32.73903399998875,-117.00264674817954,32.87537
SPRNGVLY_6_N010,32.73903399998875,-117.00275325182045,32.87537
SRI_6_N001,37.45534597,-122.1782535,33.8829
SRRCSUB_2_N001,37.78238218,-121.9676923,33.58278
STAFFORD_6_N002,38.12003299998604,-122.61362861905879,37.70274
STAFFORD_6_N101,38.12003299998604,-122.6137433809412,37.70274
STAGG_2_N001,37.99164936143144,-121.34848834268168,33.35305
STAGG_2_N014,37.99146863845723,-121.34848834296415,33.35305
STAGG_6_N001,37.99146863845723,-121.34871765703586,33.37116
STAGG_6_N003,37.99164936143144,-121.34871765731833,33.37116
STAMPEDE_LNODE19,39.46748199998557,-120.10518300964912,10.17356
STANFRD_6_N013,37.42736589,-122.1750729,33.73664
STANFRD_6_N015,37.427365889945456,-122.17495909977812,33.73664
STANFRD_6_N016,37.427275518463446,-122.1750729,33.73664
STANFRD_6_N025,37.427365889945456,-122.17518670022189,33.73664
STANFRD_6_N026,37.427456261536555,-122.1750729,33.73664
STANISLS_1_N001,38.14,-120.37,30.06843
STATIN-L_7_N001,37.8103032554717,-122.271443,33.97622
STATIND_1_N001,37.837585251800924,-122.263503,33.94776
STATIND_1_N010,37.83750387408463,-122.26344350874284,33.94776
STATIND_1_N013,37.83750387408463,-122.26356249125715,33.94776
STATIND_1_N033,37.83751,-122.26355,33.94776
STATINJ_1_N001,37.76334825993251,-122.214444,34.81966
STATINJ_1_N012,37.763266870018874,-122.21438455959633,34.81966
STATINJ_1_N027,37.763266870018874,-122.21450344040367,34.81966
STATINL_1_N001,37.81022187224923,-122.27138352670688,33.97363
STATINX_1_N001,37.80554442667025,-122.23091354965457,33.95035
STATINX_1_N012,37.805363573219,-122.23091354993484,33.95035
STATINX_1_N014,37.805363573219,-122.23114245006515,33.95035
STATINX_1_N024,37.80554442667025,-122.23114245034543,33.95035
STCKTNAR_6_N001,37.963279,-121.323476,32.097
STCRUZ_LNODECXA,37.62755999998621,-120.97504290860819,32.11855
STCRUZ_LNODEWLS,37.62755999998621,-120.97515709139182,32.11855
STDOIL_1_N009,37.94,-122.38,33.93741
STELLING_1_N001,37.3360521934471,-122.042805,33.31492
STELLING_1_N004,37.33597090326187,-122.04274597179945,33.31492
STELLING_1_N007,37.33597090326187,-122.04286402820055,33.31492
STF_LNODEDAX,37.69055999998624,-121.02097285725026,32.12631
STF_LNODEIPN,37.69055999998624,-121.02108714274974,32.12631
STKTNWW_6_N001,37.9376445,-121.3283805,32.097
STKTONA_1_LN001,37.94726,-121.28881,31.87673
STKTONA_1_N001,37.94722338217881,-121.28911838573319,31.944
STKTONA_1_N003,37.947042617710025,-121.28911838601516,31.944
STKTONA_6_N001,37.947042617710025,-121.28934761398483,32.27293
STKTONA_6_N004,37.94722338217881,-121.2893476142668,32.27293
STLLWATR_6_N001,40.677845,-122.34971,11.83822
STOCKDLE_1_N001,35.316494,-119.068293,30.01523
STOCKDLE_1_N010,35.316493999949955,-119.06818269315228,30.01523
STOCKDL_2_N001,35.31640399278849,-119.068293,29.86776
STOCKDL_2_N002,35.316493999949955,-119.06840330684773,29.86776
STOCKDL_2_N101,35.31658400721152,-119.068293,29.86776
STONCRRL_6_N001,36.472251999987044,-119.18811326795893,31.80046
STONCRRL_6_N003,36.472251999987044,-119.18822473204106,31.80046
STONE_1_N001,37.303708999986505,-121.86757223713448,33.6021
STONE_1_N005,37.303708999986505,-121.8676857628655,33.6021
STONYPT_1_N001,38.42,-122.78,40.5692
STOREY1_2_N001,36.98288702744317,-120.033746,31.05948
STOREY1_2_N011,36.98322057595251,-120.03373952494303,31.05948
STOREY2_2_N001,36.98280598626407,-120.03380457310557,31.07501
STREAMVW_6_N001,32.745604999988714,-117.07864474591278,32.74813
STREAMVW_6_N007,32.745604999988714,-117.07875125408721,32.74813
STROUD_6_N001,36.53084093919961,-120.10432801442617,31.00497
STUART_6_N001,33.256701,-117.416547,30.75365
SUISUN_1_N001,38.24526219208727,-122.04122215940386,33.71959
SUISUN_1_N008,38.24508180780079,-122.04122215968883,33.71959
SUISUN_1_N009,38.24508180780079,-122.04145184031117,33.71959
SUMIDEN_6_N001,37.97842034,-121.2761124,32.31692
SUMMIT_6_N001,39.319203,-120.378897,34.6052
SUNOL_6_N001,37.586891,-121.869379,33.62677
SUNRSE3S_7_N002,35.210181,-119.582697,29.58834
SUNYSIDE_6_N0016,32.65801507,-117.0302879,32.76918
SURF_1_N009,34.61,-120.22,30.4994
SUTTRHM1_6_N001,39.052565,-121.691874,33.49018
SWEETWTR_6_N017,32.65811799998879,-117.0916867727539,32.13933
SWEETWTR_6_N018,32.65811799998879,-117.0917932272461,32.13933
SWIFT_1_N001,37.3225281884819,-121.796729,33.40547
SWIFT_1_N003,37.322446905744414,-121.79666998783091,33.40547
SWIFT_1_N006,37.322446905744414,-121.79678801216909,33.40547
SYCAMORE_1_N101,39.76991684305054,-121.824218,40.51205
SYCAMORE_1_N201,39.76983607845885,-121.82415733357864,40.51205
SYCAMORE_1_N301,39.76983607845885,-121.82427866642136,40.51205
SYLMAR_LNODEDC1,34.31,-118.5,28.48249
SYLMAR_LNODEDC1BURB,34.30999999995138,-118.49989057813684,28.48249
SYLMAR_LNODEDC1GLEN,34.30990961750026,-118.49989057825464,28.48249
SYLMAR_LNODEDC1LADWP,34.30984570750071,-118.49996795113718,28.48249
SYLMAR_LNODEDC2,34.309830423630196,-118.50007579695593,28.4799
SYLMAR_LNODEDC2BURB,34.30986172772742,-118.50017844594423,28.4799
SYLMAR_LNODEDC2GLEN,34.30992764535058,-118.50025330944317,28.4799
SYLMAR_LNODEDC2LADWP,34.31001306459742,-118.50028907067266,28.4799
SYLVANCM_LNODECPR,37.688469999986225,-120.97663285888366,32.19237
SYLVANCM_LNODEHGR,37.688469999986225,-120.97674714111633,32.19237
T320_2_N001,38.01528999998606,-121.76202266067159,33.14692
T320_2_N002,38.01528999998606,-121.7621373393284,33.14692
TAFT1_1_N001,35.14999999998751,-119.47994486994581,29.78238
TAFT1_1_N004,35.14999999998751,-119.48005513005418,29.78238
TAHDONR_LNODE07,39.337309,-120.221277,10.17097
TAMARACK_6_N001,39.313743,-120.496804,34.65695
TAMARISK_1_N001,33.817316,-116.454898,26.90265
TAMARISK_1_N003,33.791934,-116.449747,26.90265
TAP710_1_N004,32.595364649653405,-117.05757378781198,-48.0
TAP801_1_N001,34.10961399998795,-116.41178248891224,27.32712
TAP807_1_N001,34.0,-116.5,26.82779
TASSAJAR_2_N001,37.79959499998613,-121.9077887787453,33.59572
TASSAJAR_2_N002,37.79959499998613,-121.9079032212547,33.59572
TASSAJAR_2_N016,37.80001701,-121.9076781,33.59572
TAYLOR_6_N001,38.78044,-121.247,35.09157
TECUYA_6_N001,35.018589,-118.979536,29.99195
TEICHERT_1_N001,37.78999999998617,-121.36005721487219,32.27276
TEJON_6_N001,35.01953399998751,-118.95472389537663,29.99712
TEJON_6_N014,35.01953399998751,-118.95483410462336,29.99712
TELECYN_1_N001,32.63795363606789,-117.01596355585968,31.91947
TELECYN_1_N006,32.63777436384253,-117.01596355607299,31.91947
TELECYN_1_N014,32.63777436384253,-117.01617644392701,31.91947
TELECYN_1_N025,32.63795363606789,-117.01617644414031,31.91947
TEMBLOR_1_N003,35.382795999987465,-119.69634883811833,29.80705
TEMPLE21_7_N001,35.55503,-120.6803,30.16185
TEMPLETN_2_N008,35.554496,-120.679996,30.16185
TERMNOUS_6_N001,38.116464,-121.422007,33.53933
TESLAMTR_1_N003,37.80682,-121.29178,32.47456
TESORO_2_N014,38.01816652998603,-122.06128255940455,33.74716
TESORO_2_N020,38.01816652998603,-122.06139724059545,33.74716
TESSUB_2_N001,37.73,-121.93,33.7018
TEVIS_1_N001,35.319191999987495,-119.12859784623319,30.03334
TEVIS_1_N003,35.319191999987495,-119.12870815376681,29.98936
TEXACO_6_N019,35.95614499,-120.864333,30.75748
TEXSUN1G_7_N001,35.36999999998748,-119.4800551602316,29.58834
TEXSUN2G_7_N001,35.3599999999875,-119.48005515895167,29.58834
THERMLTO_2_N109,39.514145,-121.632458,40.18864
THORNHIL_1_N001,33.833699,-116.524642,27.00372
TIDEWATR_2_N001,38.01989465330933,-122.06150068264388,33.7601
TIDEWATR_2_N014,38.02007534657929,-122.06150068292666,33.7601
TLRELKE_6_N001,36.00375672659094,-119.948802,30.81245
TLRELKE_7_N016,36.00367613669082,-119.9487444848154,30.81245
TOADTWN_7_N001,39.8711407,-121.6099556,38.73649
TOCALOMA_6_N001,38.05521,-122.760914,37.8735
TOMATAK_6_N001,36.836069,-120.44959,30.89649
TOREYPNS_6_N001,32.89877953728695,-117.23987836114813,31.43265
TOREYPNS_6_N007,32.89860046262259,-117.23987836136372,31.43265
TOREYPNS_6_N008,32.89860046262259,-117.24009163863627,31.43265
TOREYPNS_6_N009,32.89877953728695,-117.24009163885188,31.43265
TORTILLA_1_LN001,34.87445665123645,-117.06480112671595,30.47995
TORTILLA_1_N007,34.87463734866425,-117.064801126958,30.47995
TORTOISE_6_N001,34.640736,-118.065841,29.23885
TOSCO-PP_6_N001,37.7831868,-121.6320725,31.22163
TOT032_2_N001,33.93661299998811,-116.5732326824313,26.81485
TOT032_2_N002,33.93661299998811,-116.5733413175687,26.81485
TOT135_2_N001,34.00679810536202,-117.94324639773743,28.13959
TOT135_2_N002,34.00679810536202,-117.94313760226258,28.13959
TOT180_7_N001,35.555452796415516,-115.45909962433502,25.41004
TOT210S1_7_N001,35.55527320348384,-115.45909962458231,25.42039
TOT223L1_7_N001,33.65931297998823,-114.98271600702792,25.64154
TOT223L2_7_N002,33.65931297998823,-114.98282399297209,25.64154
TOT242GN_7_N001,35.555452796415516,-115.45932037566497,25.42815
TRABUCO_1_N001,33.5630767991568,-117.67324523376014,29.18298
TRABUCO_1_N005,33.562897200749894,-117.67324523398426,29.18298
TRABUCO_1_N009,33.562897200749894,-117.67346076601574,29.18298
TRABUCO_1_N013,33.5630767991568,-117.67346076623986,29.18298
TRACY_1_N001,37.748395999944734,-121.41564562794372,32.4875
TRACY_1_N002,37.74831768119299,-121.41570281403237,32.4875
TRACY_1_N007,37.74831768119299,-121.41581718596763,32.4875
TRACY_1_N101,37.748395999944734,-121.41587437205628,32.4875
TRAVIS_6_B1,38.271536729986,-121.93327897263443,34.14648
TRESVIS_6_N001,39.486707,-121.687993,39.42261
TRIMBLE_1_N004,37.42009036798162,-121.72988621524279,33.72887
TRIMBLE_1_N010,37.41990963190925,-121.72988621551741,33.72887
TRIMBLE_1_N016,37.41990963190925,-121.7301137844826,33.72887
TRIMBLE_1_N020,37.42009036798162,-121.73011378475721,33.72887
TRINIDAD_6_N001,41.064242,-124.128367,12.12877
TRUCKEE_LNODE49,39.330431720184855,-120.181195,10.17097
TRVSHPT_6_B1,38.271536729986,-121.93339382736556,34.12579
TUDOR_6_N001,38.982071,-121.635205,36.3002
TULELAKE_LNODE35,41.95333,-121.47111,14.48156
TULUCAY_6_N001,38.247946,-122.268228,37.72482
TUNNEL_LNODE33,41.925559999984245,-121.56576970013403,14.4631
TUNNEL_LNODE40,41.925559999984245,-121.56589029986597,14.4631
TUPMAN_1_LN001,35.355,-119.2702778,29.8186
TUPMAN_1_N101,35.354039,-119.270638,29.8186
TVYVLLY_6_N001,36.77062199998685,-119.39317691322037,31.38909
TXBVHL_6_N001,35.226128018725106,-119.3778391415529,30.25326
TXROSDL_1_N001,35.37695301426363,-119.07791367489159,29.87811
TXROSDL_1_N002,35.37695301426363,-119.0780283251084,29.87811
TYLER_6_N001,40.138392982499205,-122.20848578836895,14.22213
TYLER_6_N002,40.138392982499205,-122.20860821163106,14.22213
UCM_6_N001,32.88368472395273,-117.222424,31.46369
UCM_6_N002,32.88360413801135,-117.22236859671557,31.46369
UCM_6_N006,32.88360413801135,-117.22247940328444,31.46369
UKIAH_1_N001,39.142823455087914,-123.19204845611492,6.54
UKIAH_1_N005,39.14300254479826,-123.19204845640866,6.54
UNOCAL_7_N001,38.04805556,-122.255,34.11335
UOP_6_N001,37.97945391,-121.3121994,33.52122
UPPRLKE_6_N001,39.145906,-122.916845,-8.80196
URANIUM_6_N001,37.3711189164195,-121.976163786,33.91774
URANIUM_6_N002,37.37103760797558,-121.97610471695367,33.91774
URANIUM_6_N003,37.37103760797558,-121.97622285504633,33.91774
URBAN_6_N001,32.71336175780155,-117.151456,32.25025
URBAN_6_N005,32.71328112108711,-117.15140066790788,32.25025
URBAN_6_N009,32.71328112108711,-117.15151133209213,32.25025
URICH_6_N001,38.029918,-122.103005,34.21942
USNSSPT1_6_N001,32.70742799995502,-117.24513948299598,32.17316
USNSSPT2_6_N001,32.707505595112,-117.2450862415443,32.17316
VACA-DIX_1_N001,38.401643999943936,-121.91981408247966,33.38325
VACA-DIX_1_N083,38.401566007417685,-121.91998645869818,33.38325
VACADIX_1_N015,38.401643999943936,-121.92004391752033,33.38325
VACADIX_1_N300,38.40172199255435,-121.91987154117784,33.38325
VACAVIL_1_N001,38.356520058867716,-121.97951,33.41688
VACAVIL_1_N101,38.35643897055109,-121.97945029786577,33.4531
VACAVIL_1_N102,38.35643897055109,-121.97956970213424,33.4531
VALCNTR_6_N001,33.23068299998848,-117.01834745172809,31.04466
VALLECTS_6_B1,37.60921546,-121.8425892,33.62935
VALLEYSC_1_N001,33.738397971600605,-117.156432,27.34339
VALLEYSC_1_N023,33.74191,-117.156589,27.34339
VALLEYSC_1_N026,33.7419099999529,-117.15648082117153,27.34339
VALLEYSC_1_N027,33.741820044059125,-117.15648082128499,27.34339
VALLEYSC_1_N030,33.74174122394152,-117.1566639359048,27.34339
VALLEYSC_1_N031,33.741772380302784,-117.156765418802,27.34339
VALLEYSC_1_N107,33.738317014186954,-117.15648820699798,27.34339
VALLEYSC_1_N216,33.74201282449463,-117.15686887672038,27.34339
VALLEYSC_1_N217,33.742095107300145,-117.15682515836211,27.34339
VALLEYSC_1_N218,33.74216056628639,-117.15675095634964,27.34339
VALLEYSC_1_N219,33.7422031540618,-117.15665566870578,27.34339
VALLEYSC_1_N220,33.74221986927216,-117.15654937347803,27.34339
VALLEYSC_1_N221,33.74221035698812,-117.1564418007823,27.34339
VALLEYSC_5_N047,33.742049933312074,-117.15619034666781,27.33563
VALLYHM_1_N001,37.85581024891345,-120.944141,32.11752
VALLYHM_1_N005,37.85572887552832,-120.94420050279503,32.11752
VALLYVW_1_N001,37.96607299998612,-122.27841868352904,34.07971
VALLYVW_1_N003,37.96607299998612,-122.27853331647096,34.07971
VALPREDO_6_N001,35.02060799586001,-119.0626791,30.10837
VASCO_6_N001,37.71132099998621,-121.71587984128799,33.40047
VASCO_6_N003,37.71132099998621,-121.71599415871201,33.40047
VASONA_2_N001,37.25999999998651,-121.89994328855217,33.05998
VASONA_2_N010,37.25999999998651,-121.90005671144785,33.05998
VEDDER_1_N001,35.61,-118.96,30.12389
VERNON_6_N001,33.998720181696164,-118.22077977719938,28.32484
VESTAL_6_N001,35.85713659527842,-119.08872645400277,27.09746
VICTOR_1_N001,38.145651267656454,-121.17732422029407,27.97744
VICTOR_1_N134,34.505936,-117.38768,27.97744
VICTOR_1_N137,34.505935999950886,-117.3875702583319,27.97744
VICTOR_1_N594,34.50584556540856,-117.38757025845098,27.97744
VICTOR_1_N595,34.50578161857523,-117.38764785746913,27.97744
VICTOR_1_N596,34.50576632589583,-117.38775601848484,27.97744
VICTOR_1_N597,34.50579764803412,-117.38785896748202,27.97744
VICTOR_1_N598,34.50586360364735,-117.38793404978351,27.97744
VICTOR_1_N603,34.50594907212439,-117.38796991553367,27.97744
VICTOR_1_N606,34.50603937160514,-117.38796392005962,27.97744
VICTOR_1_N619,34.50612209223446,-117.38791957011638,27.97744
VICTOR_1_N620,34.50618789952731,-117.38784429611982,27.97744
VICTOR_1_N625,34.50623071391217,-117.3877476318643,27.97744
VICTOR_6_N001,38.145470732231836,-121.17755377942188,33.01083
VICTOR_6_N002,38.145651267656454,-121.17755377970593,33.01083
VICTOR_7_N001,34.506203825932694,-117.38742904716817,27.97744
VIEJOSC_2_N001,36.578772821150025,-121.908968,28.58015
VIEJOSC_2_N004,33.667334,-117.642727,28.58015
VIEJO_6_N001,36.578692089410936,-121.90890995739635,32.46559
VIEJO_6_N003,36.578692089410936,-121.90902604260364,32.46559
VIERRA_1_N001,37.85,-121.24,32.47197
VIERRA_1_N009,37.7978,-121.27418,32.47197
VILLAPK_6_LN001,33.81564699317584,-117.83444769843688,27.94916
VILLAPK_6_LN002,33.81564699317584,-117.83456030156313,27.94916
VINA_6_N001,39.941614,-122.041739,13.79902
VINESUB_6_N006,32.73878475092385,-117.17888,32.13585
VINESUB_6_N007,32.73870412452592,-117.17882465920908,32.13585
VINESUB_6_N014,32.73870412452592,-117.17893534079091,32.13585
VINEYARD_2_N001,37.66967326170019,-121.85436,33.41979
VINEYARD_2_N002,37.66959186913507,-121.85430063276966,33.41979
VINEYARD_6_N001,37.66959186913507,-121.85441936723034,33.70835
VLLYSPS_6_CN6,38.21648188,-120.7638501,31.76031
VOLTA2_7_N009,40.451832613439954,-121.8620339242648,12.25806
VSTA_1_N001,34.04125299995202,-117.32061812723687,27.65801
VSTA_1_N019,34.04128993524605,-117.3188974279969,27.65801
VSTA_1_N028,34.04128993524605,-117.3190105720031,27.65801
VSTA_6_N001,34.04125299995202,-117.32083587276313,27.6606
WABASH_6_N001,32.73022052,-117.110597,32.2051
WAHTOKE_1_N001,36.61618299998699,-119.452409104289,31.19763
WAHTOKE_1_N002,36.61618299998699,-119.45252089571099,31.19763
WALNUT_6_N001,34.00840381020035,-117.94966020073771,28.14218
WALSH_6_N001,37.36925702368643,-121.95645763176401,33.84271
WALSH_6_N002,37.36925702368643,-121.95657130623599,33.84271
WARENCYN_6_N001,33.01545499998868,-117.00226861385794,30.33955
WARENCYN_6_N002,33.01545499998868,-117.00237538614206,30.33955
WARNERS_6_N001,33.247186,-116.675942,30.55812
WARNER_LNODERV1,41.50091505739131,-120.533072,4.49615
WARNER_LNODERV3,41.50083397128745,-120.53300949206302,4.49615
WARNER_LNODESC1,41.50083397128745,-120.53313450793698,4.49615
WASCO_7_N008,39.77617274317707,-122.10383,30.04886
WATERLOO_6_N001,38.05178292,-121.2097983,32.47991
WATRSHED_6_N001,37.487815,-122.310237,33.46756
WDT273_7_N001,34.133619,-117.907563,28.05595
WDWRGEN_7_N001,36.89672741773442,-119.74989840074353,31.08518
WEBER1_6_N003,37.91982787,-121.2402319,32.33503
WEBERGEN_7_N002,37.919827869944456,-121.24011731424282,32.29881
WEBER_2_N021,37.919749586976614,-121.2401746071824,32.29881
WEBER_6_N001,37.919749586976614,-121.24028919281761,32.33503
WEBER_6_N041,37.919827869944456,-121.24034648575717,32.32985
WEEDPTCH_6_N001,35.22380990982567,-118.88,29.96607
WEED_LNODER1,41.43139,-122.38944,15.61875
WELLFILD_6_N001,35.22389999995005,-118.88011028239877,30.02558
WELLFILD_6_N002,35.22399009017441,-118.88,30.02558
WEMRSWS_6_N001,39.035984,-120.987909,35.18382
WESIX_6_N001,36.661091309986915,-120.33431525009004,31.08518
WESTLAND_6_N001,36.661091309986915,-120.33442714990996,31.05413
WESTLANE_6_N001,37.990674,-121.282373,33.56262
WESTLEY_6_N001,37.57958111998634,-121.2056848506367,33.75524
WESTLEY_6_N004,37.57958111998634,-121.2057989493633,33.75524
WESTLNDS_1_N001,36.3999999999871,-120.31994434326373,31.03102
WESTLNDS_1_N019,36.3999999999871,-120.32005565673627,31.03102
WESTPAC_6_N001,34.819566,-118.750985,28.54632
WESTPARK_1_N001,35.374163973003284,-119.039839,29.95314
WESTPARK_1_N005,35.374083013484764,-119.03978167527592,29.95314
WESTPARK_1_N009,35.374083013484764,-119.03989632472408,29.95314
WESTPLAT_1_N001,35.42,-119.3,29.75909
WESTPNT_6_N001,38.44471398077145,-120.516861,31.48865
WESTPNT_7_N001,38.44489401922852,-120.516861,31.36963
WESTSDE_6_N001,37.77660932,-121.5175127,31.45189
WHEATLND_6_N001,39.013055,-121.418524,35.57319
WHEATLND_6_N005,39.01311707,-121.4186482,35.57319
WHEELER_6_N001,35.089761,-118.976591,29.92209
WHISMAN_1_N001,37.40491321634772,-122.068856,33.46756
WHISMAN_1_N004,37.404831891811426,-122.06879689262591,33.46756
WHISMAN_1_N009,37.404831891811426,-122.06891510737408,33.46756
WHITMORE_6_N001,40.628753,-121.915711,11.76354
WHLRRD1_7_B1,35.088838,-118.976556,29.92209
WHLRRD1_7_B3,35.08883799995014,-118.97644576152675,29.92209
WHLRRD1_7_B4,35.088747796027285,-118.97644576164866,29.92209
WHLRRD1_7_B5,35.088684012267365,-118.97652371195969,29.92209
WHLRRD1_7_B6,35.088668758585875,-118.97663236262073,29.92209
WHLRRD2_7_B1,35.08870000084669,-118.9767357776696,29.91692
WHLRRD2_7_B3,35.088765788262144,-118.97681119987332,29.91692
WHLRRD2_7_B4,35.08885103878225,-118.97684722799443,29.91692
WHLRRD2_7_B5,35.08894110798812,-118.97684120538457,29.91692
WILDWOOD_1_N001,40.38711092118795,-123.04499942348713,14.07313
WILDWOOD_1_N005,40.38711092118795,-123.04512257651287,14.07313
WILKINS_6_N001,39.00552,-121.867233,22.14762
WILLIAMS_6_N002,39.15757999998577,-122.14756226186596,20.6315
WILLIAMS_7_N002,39.15757999998577,-122.14767773813404,20.6315
WILLITS_6_N001,39.405666,-123.327366,-2.6546
WILLOWS_6_N001,39.531805,-122.185874,13.03855
WILLWCRK_6_N001,41.056486881388146,-123.68218970968636,15.41761
WILSONA_6_N001,34.579517,-117.719954,29.92188
WINDGAP1_7_B1,35.01,-118.99,29.92209
WINDGAP1_7_B3,35.00999999995021,-118.98988979523116,29.92209
WINDGAP1_7_B4,35.00990973652225,-118.98988979535277,29.92209
WINDGAP2_7_B1,35.0098459106858,-118.98996772183133,29.92209
WINDGAP2_7_B3,35.009830646941914,-118.99007633927391,29.92209
WINDGAP3_7_B1,35.00986190981265,-118.9901797227049,29.9195
WINDGAP3_7_B3,35.009927740626615,-118.99025512184879,29.9195
WINDGAP4_7_B1,35.010013047384426,-118.99029113895399,29.9195
WINDGAP4_7_B3,35.01010317600642,-118.99028511818479,29.9195
WINDSOR_6_N001,38.60704,-122.85222,54.42399
WINTERS_6_N001,38.517708,-121.951331,34.34311
WIRLWIND_2_NM01,34.85790599998759,-118.43694794239384,28.60533
WIRLWIND_2_NM02,34.85790599998759,-118.43705805760615,28.60533
WLFSKIL1_1_N004,38.22801,-122.07571,33.51002
WLLWPSS_6_N001,38.02467113,-121.9610129,34.24271
WNTUPMS_6_N001,40.592794,-122.369634,12.15301
WOHLER_6_N001,38.512048,-122.880906,44.89694
WOLFE_1_N001,37.335142193117605,-122.020824,33.3175
WOLFE_1_N002,37.335060903426545,-122.02076497287341,33.3175
WOLFE_1_N007,37.335060903426545,-122.02088302712659,33.3175
WOODACRE_6_N001,38.012118,-122.65455,37.78554
WOODLD_1_N001,38.67823188725648,-121.760143,35.81929
WOODLD_1_N005,38.67815105635662,-121.76008322082818,35.81929
WOODLD_1_N012,38.67815105635662,-121.76020277917182,35.81929
WOODRW_LNODECEU,37.66469443998625,-121.04449847780575,32.12631
WOODRW_LNODELD2,37.66469443998625,-121.04461272219426,32.12631
WOODSIDE_6_N003,37.43624399998641,-122.2420270905538,33.67713
WOODSIDE_6_N004,37.43624399998641,-122.24214090944619,33.67713
WOODSIDE_6_N006,37.43704943,-122.2421734,33.67713
WOODWARD_1_N005,36.89654748215955,-119.75012339899124,31.08518
WOODWARD_1_N006,36.89672741773442,-119.75012339925647,31.08518
WPBART_1_N001,38.02005420797604,-121.98,33.94259
WPBART_1_N004,38.01997289599686,-121.97994040909197,33.94259
WPBART_1_N026,38.01997289599686,-121.98005959090804,33.94259
WRGHTPP_6_N001,37.013289999986696,-120.94462359835565,30.96911
WSCOPRSN_1_N001,35.61,-119.37,29.90915
WSCRMNO_1_N004,38.58939293336201,-121.545027,35.43188
WSCRMNO_1_N013,38.58931203330379,-121.54496724378153,35.43188
WSCRMNO_1_N201,38.58931203330379,-121.54508675621847,35.43188
WSTFRSO_1_N001,36.71841899998688,-119.81853697917856,31.15624
WSTFRSO_1_N004,36.71841899998688,-119.81864902082144,31.15624
WSTFRSO_1_N015,36.71821682,-119.8190857,31.15624
WSTLD1RA_1_N001,36.72,-120.72,30.62741
WTSNVLLE_6_N001,36.902758999986744,-121.75595974245704,32.74243
WTSNVLLE_6_N003,36.902758999986744,-121.75607225754297,32.74243
WYANDTTE_1_N001,39.491682744465926,-121.541161,38.14827
WYANDTTE_1_N003,39.49160212775149,-121.54110068770393,38.14827
WYANDTTE_1_N102,39.49160212775149,-121.54122131229607,38.14827
YOSEMITE_6_N001,37.72952929,-122.3968597,8.12293
YREKA_LNODE76,41.72897989068449,-122.63154955171838,15.48217
YREKA_LNODED1,41.72880010918983,-122.63154955205546,15.50432
YREKA_LNODED2,41.72880010918983,-122.63179044794454,15.50432
YREKA_LNODED3,41.72897989068449,-122.63179044828162,15.50432
YUBACITY_6_N010,39.1373209999858,-121.64396072438323,37.27375
YUBAGOLD_6_N001,39.203272,-121.415014,37.73427
ZACA_1_N001,34.696829,-120.151374,30.60289
ZAMORA_1_LN001,38.775555559985854,-121.85827574897266,35.93469
ZAMORA_1_N001,38.775555559985854,-121.85839085102734,35.93469
ZANKER_1_N001,37.469999999986335,-121.8099430557453,33.70818
ZANKER_1_N003,37.469999999986335,-121.8100569442547,33.70818
ZENO_6_N001,37.37696677208641,-121.99793169424989,33.9462
ZENO_6_N002,37.37696677208641,-121.99804538575012,33.9462
12TH_S_LNODENMZ,37.63715677998629,-120.99316020050249,0.0
12TH_S_LNODEXWQ,37.63715677998629,-120.99327439949751,0.0
AIR_SUB_LNODENAA,33.96205409081493,-118.376,0.0
AIR_SUB_LNODENAB,33.961972954579615,-118.37594352117388,0.0
AIR_SUB_LNODEONC,33.961972954579615,-118.37605647882611,0.0
ALMOND_LNODEAUX,37.574202045609525,-120.98511610244,0.0
ALTTA_BP_LNODEPRT,41.51205899998436,-120.5236838478691,0.0
ALTTA_BP_LNODETON,41.51205899998436,-120.5238041521309,0.0
ATW_SUB_LNODEONB,34.1096541600031,-118.254,0.0
ATW_SUB_LNODEONC,34.10957291998536,-118.25394335044959,0.0
ATW_SUB_LNODEOND,34.10957291998536,-118.2540566495504,0.0
AUGUST_LNODEDR1,37.4182520696912,-120.831252690486,0.0
AUGUST_LNODEDR3,37.4182452743243,-120.831131410372,0.0
AUGUST_LNODEDR4,37.4182458785436,-120.830989786937,0.0
AUGUST_LNODEDR5,37.4182557186304,-120.831363604619,0.0
AUGUST_LNODEDR6,37.41894,-120.84899,0.0
BANGS_LNODEKGC,37.70469,-121.0418,0.0
BCN_PP_LNODESS1,35.25680070871138,-118.02736892630813,0.0
BCN_PP_LNODESS2,35.256766720360744,-118.02726679027704,0.0
BERNARDO_LNODEARDO,33.02157451,-117.0962277,0.0
BROCKWAY_LNODE01,39.243063530935196,-120.02634939696748,0.0
BROCKWAY_LNODE02,39.242884468950564,-120.02634939726258,0.0
BROCKWAY_LNODE51,39.242884468950564,-120.02658060273741,0.0
BROCKWAY_LNODE52,39.243063530935196,-120.02658060303253,0.0
BWILLIAM_LNODEILLW,34.16145330172,-114.38177086852794,0.0
CALSUB_LNODEET,39.521219,-120.008761,0.0
CAN_SUB_LNODEONA,34.18955419166312,-118.592,0.0
CAN_SUB_LNODEONB,34.189472904155366,-118.59194326369176,0.0
CAN_SUB_LNODEONC,34.189472904155366,-118.59205673630824,0.0
CARRIZO_LNODEHILL,35.38048201522088,-120.04019467441788,0.0
CARRIZO_LNODEZOT1,35.38048201522088,-120.04030932558213,0.0
CAR_SM_LNODENE1,38.642773175556165,-121.3294330286556,0.0
CAR_SM_LNODENE2,38.64259349099788,-121.32943302894401,0.0
CAR_SM_LNODENE3,38.64259349099788,-121.329663082168,0.0
CAR_SM_LNODENE4,38.642773175556165,-121.3296630824564,0.0
CASTLE_LNODEDR1,37.36195490350885,-120.56264978595905,0.0
CASTLE_LNODEDR2,37.36187666885442,-120.5625929569803,0.0
CASTLE_LNODEDR3,37.36179843428164,-120.56264978607754,0.0
CASTLE_LNODEDR4,37.36179843428164,-120.56276344403506,0.0
CASTLE_LNODEDR5,37.36187666885442,-120.5628202731323,0.0
CASTLE_LNODEDR6,37.36195490350885,-120.56276344415355,0.0
CAS_PP_LNODE1AUX,34.58742309555189,-118.65687780855163,0.0
CAS_PP_LNODE2AUX,34.587488904018386,-118.65680245963806,0.0
CAS_PP_LNODE3AUX,34.58753171916694,-118.65670569917606,0.0
CAS_PP_LNODE4AUX,34.58754852361777,-118.65659776098718,0.0
CAS_PP_LNODE5AUX,34.58753896054594,-118.65648852558515,0.0
CAS_PP_LNODE6AUX,34.587504830707275,-118.65638679740337,0.0
CEN_SUB_LNODEONB,33.948054083699034,-118.255,0.0
CEN_SUB_LNODEONC,33.94797295813763,-118.25494353789466,0.0
CEN_SUB_LNODEOND,33.94797295813763,-118.25505646210534,0.0
CERES_LNODEDR1,37.6088562120824,-120.956729570412,0.0
CERES_LNODEDR3,37.6089710504,-120.956595705015,0.0
CERES_LNODEDR4,37.6089019185376,-120.956592000755,0.0
CERES_LNODEDR5,37.6087606610128,-120.956712881849,0.0
CERES_LNODEDR7,37.6089324750351,-120.956712057352,0.0
CERES_LNODEDR8,37.6090011903052,-120.956714357349,0.0
CHC_LNODE31A,38.95999999998579,-120.89994237638588,0.0
CHC_LNODE33A,38.95999999998579,-120.90005762361412,0.0
CIG_SM_LNODESS,38.44522299433728,-121.46160277845912,0.0
CLARIBEL_LNODEGFP,37.71028,-120.9688,0.0
CLOUGH_LNODEIYF,37.62761111,-120.9751667,0.0
CLOUGH_LNODEYBR,37.62761110994497,-120.97505251712948,0.0
COLLEG_LNODEDR1,37.6091056801805,-120.992876143573,0.0
COLLEG_LNODEDR2,37.6091096218649,-120.992789582042,0.0
COLLEG_LNODEDR5,37.6090266914486,-120.992698116343,0.0
COLLEG_LNODER15,37.6090419641747,-120.993034819943,0.0
COMMONS_LNODEDR1,37.6091045275098,-120.992962913259,0.0
COMMONS_LNODEDR3,37.5166183000533,-120.867554724081,0.0
COMMONS_LNODEDR4,37.516699044633,-120.867555122205,0.0
COMMONS_LNODEDR5,37.5164895041446,-120.867550987033,0.0
COMMONS_LNODEDR7,37.5165532160667,-120.867553025577,0.0
COMMONS_LNODEDR8,37.5008689404211,-120.913270146673,0.0
COOPER_LNODEDR1,37.3189566034476,-120.5119493179366,0.0
COOPER_LNODEDR2,37.31895660339336,-120.51183575699493,0.0
COOPER_LNODEDR3,37.318866291449055,-120.51183575713138,0.0
COOPER_LNODEDR4,37.318802431310424,-120.51191605677509,0.0
COOPER_LNODEDR5,37.318787159360575,-120.51202798203006,0.0
COOPER_LNODEDR6,37.31881843902539,-120.51213451388375,0.0
COOPER_LNODEDR7,37.318884305211256,-120.51221220923813,0.0
COOPER_LNODEDR8,37.318969657813994,-120.51224932323211,0.0
COOPER_LNODEDR9,37.31905983488123,-120.51224311913526,0.0
COOPER_LNODER14,37.31914244338007,-120.5121972257278,0.0
COOPER_LNODER15,37.31920816147405,-120.51211933201114,0.0
COOPER_LNODER16,37.31925091782716,-120.51201930357878,0.0
COOPER_LNODER17,37.31926769919903,-120.51190771989396,0.0
CORTEZ_LNODEDR1,37.5005587104299,-120.913235680039,0.0
CORTEZ_LNODEDR3,37.5007571927422,-120.913267914805,0.0
CORTEZ_LNODEDR5,37.5006522266335,-120.913263660994,0.0
CORTEZ_LNODEDR6,37.5008124927682,-120.913424010622,0.0
CORTEZ_LNODEDR7,37.5007095209272,-120.913352769965,0.0
COR_LNODENE1,38.55393333331922,-121.20798139654603,0.0
COR_LNODENE3,38.55393333331922,-121.20809638123197,0.0
CPP_LNODESS1,38.3383555554995,-121.12458988828622,0.0
CPP_LNODESS2,38.33844566948052,-121.124475,0.0
CRABTREE_LNODENK1,37.64506,-120.60683,0.0
CROWLNDG_LNODEDR1,37.4627004272953,-120.740076630976,0.0
CROWLNDG_LNODEDR3,37.462786962981,-120.740080933369,0.0
CROWLNDG_LNODEDR4,37.462613876709,-120.740078364387,0.0
CROWLNDG_LNODEDR5,37.4625421344261,-120.740074305354,0.0
CROWLNDG_LNODEDR7,37.4627827502437,-120.740270351347,0.0
CSG_LNODESS,38.51068967879612,-121.47509029333828,0.0
DONPEDRO_LNODENSS,37.6962503274167,-120.4206077500803,0.0
ECY_LNODE101,38.55445658675582,-121.43093112608555,0.0
ECY_LNODE102,38.55427674646514,-121.4309311263732,0.0
ECY_LNODE103,38.55427674646514,-121.43116109584881,0.0
ECY_LNODE104,38.55445658675582,-121.43116109613645,0.0
ELK_SM_LNODENE2,38.37273738362879,-121.354256944444,0.0
ELK_SM_LNODENE7,38.372656308170484,-121.35419723840097,0.0
ELK_SM_LNODENE8,38.372656308170484,-121.35431665048702,0.0
ELV_LNODENE1,38.71426666661026,-121.47683299057677,0.0
ELV_LNODENE2,38.71418891290697,-121.47689052312896,0.0
ELV_LNODENE3,38.71418891290697,-121.47700558798303,0.0
ELV_LNODENE4,38.71426666661026,-121.47706312053523,0.0
ELV_LNODENE5,38.71434442039811,-121.4770055881082,0.0
ELV_LNODENE6,38.71434442039811,-121.4768905230038,0.0
FAIRGRND_LNODEDR1,37.5006945896515,-120.867048786933,0.0
FAIRGRND_LNODEDR3,37.5005735349484,-120.866718665766,0.0
FAIRGRND_LNODEDR4,37.5005721589657,-120.866803820595,0.0
FAIRGRND_LNODEDR5,37.5005181954718,-120.867051337755,0.0
FAIRGRND_LNODEDR7,37.5005718981617,-120.866887330714,0.0
FAIRGRND_LNODEDR8,37.5005716373084,-120.866970837622,0.0
FAR_SUB_LNODEONA,34.03809021316632,-118.37089113436087,0.0
FAR_SUB_LNODEONB,34.0379097867377,-118.37089113459244,0.0
FAR_SUB_LNODEONC,34.0379097867377,-118.37110886540755,0.0
FAR_SUB_LNODEOND,34.03809021316632,-118.37110886563912,0.0
FINNEY_LNODESNV,37.627520677678156,-120.9751667,0.0
FIREHOUS_LNODEBUSH,34.8569,-114.6245,0.0
FIY_LNODE0LD,38.762778,-121.356944,0.0
FRA_SM_LNODENE1,38.38101134187077,-121.4768906014164,0.0
FRA_SM_LNODENE2,38.380933333277234,-121.47683314740071,0.0
FRA_SM_LNODENE3,38.38085532476781,-121.47689060154032,0.0
FRA_SM_LNODENE4,38.38085532476781,-121.47700550957168,0.0
FRA_SM_LNODENE5,38.380933333277234,-121.47706296371129,0.0
FRA_SM_LNODENE6,38.38101134187077,-121.4770055096956,0.0
FREDONIA_LNODELD,34.1733,-114.574,0.0
FSTREET_LNODEDR1,37.4895796064313,-120.838424090027,0.0
FSTREET_LNODEDR3,37.4896984214952,-120.838270217479,0.0
FSTREET_LNODEDR4,37.4896152090171,-120.838173674241,0.0
FSTREET_LNODEDR5,37.4894938869083,-120.83833925837,0.0
FTL_LNODENE1,38.69308721315885,-121.348651111111,0.0
FTL_LNODENE2,38.693006393405355,-121.34859132777218,0.0
FTL_LNODENE3,38.693006393405355,-121.34871089444981,0.0
GEER_LNODEDR1,37.52250334748,-120.843709746797,0.0
GEER_LNODEDR2,37.5224993081714,-120.843588348711,0.0
GEER_LNODEDR3,37.5224318250334,-120.843496861832,0.0
GEER_LNODEDR4,37.5224297824039,-120.843426269924,0.0
GEER_LNODEDR5,37.5224263420376,-120.843557323915,0.0
GEER_LNODEDR7,37.5224225565731,-120.843630755159,0.0
GEER_LNODEDR8,37.522425898329,-120.843709042834,0.0
GILSTRAP_LNODEDR1,37.5800948624588,-120.975549487551,0.0
GILSTRAP_LNODEDR3,37.5801662132492,-120.9757670064,0.0
GILSTRAP_LNODEDR5,37.5799830759229,-120.975550499689,0.0
GILSTRAP_LNODEDR7,37.58017229934,-120.975552395649,0.0
GILSTRAP_LNODEDR8,37.5801700030066,-120.975645212521,0.0
GILSTRAP_LNODER17,37.5801611951015,-120.976018315921,0.0
GLENSHIR_LNODERE,39.352238,-120.08626,0.0
HAL_SUB_LNODEON1,33.84769999998815,-118.30334578612137,0.0
HAL_SUB_LNODEONA,33.84769999998815,-118.30345421387864,0.0
HAR_GS_LNODE10AUX,33.77070285420546,-118.26588005129787,0.0
HAR_GS_LNODE11AUX,33.770785160786886,-118.2658363056699,0.0
HAR_GS_LNODE12AUX,33.77085063868779,-118.26576205737284,0.0
HAR_GS_LNODE13AUX,33.770893238769126,-118.26566671029164,0.0
HAR_GS_LNODE14AUX,33.77090995880947,-118.26556034876025,0.0
HAR_GS_LNODE1AUX,33.770900443776654,-118.26545270896402,0.0
HAR_GS_LNODE2AUX,33.770866485380765,-118.26535246672638,0.0
HAR_GS_LNODE5AUX,33.77081149182394,-118.26526678898045,0.0
HAR_SUB_LNODEONA,33.77073997374512,-118.26520109800133,0.0
HAR_SUB_LNODEONB,33.77065707494083,-118.26515900180253,0.0
HAR_SUB_LNODEONC,33.77056816417163,-118.26514234955444,0.0
HAWKINS_LNODEDR1,37.5799617816957,-120.645598336747,0.0
HAWKINS_LNODEDR3,37.5799481743814,-120.645311774451,0.0
HAWKINS_LNODEDR5,37.5798175544824,-120.645562968772,0.0
HAWKINS_LNODEDR7,37.5799502934699,-120.645479899093,0.0
HAY_GS_LNODE10AUX,33.765034221459466,-118.09919670179296,0.0
HAY_GS_LNODE12AUX,33.76505094051277,-118.09909035381168,0.0
HAY_GS_LNODE14AUX,33.765041426041684,-118.09898272772843,0.0
HAY_GS_LNODE15AUX,33.7650074696504,-118.0988824982613,0.0
HAY_GS_LNODE9AUX,33.7649524793399,-118.09879683143038,0.0
HAY_LNODESS1,33.76488096548275,-118.09873114881994,0.0
HAY_LNODESS2,33.76479807157197,-118.09868905798392,0.0
HED_LNODENE1,38.50998333327719,-121.35563197930773,0.0
HED_LNODENE2,38.50989337309517,-121.35563197945136,0.0
HED_LNODENE3,38.50982976169183,-121.355713272007,0.0
HED_LNODENE4,38.50981454922492,-121.35582658122124,0.0
HED_LNODENE5,38.509845707051696,-121.35593443034743,0.0
HED_LNODENE6,38.509911316684935,-121.35601308641768,0.0
HED_LNODENE7,38.50999633683837,-121.3560506593429,0.0
HED_LNODENE8,38.51008616266924,-121.35604437854579,0.0
HERSHEY_LNODESLL,37.75083,-120.8453,0.0
HERSHEY_LNODEXF1,37.7508299999447,-120.8451856244636,0.0
HERSHEY_LNODEXF2,37.75073956547022,-120.8453,0.0
HERSHEY_LNODEXF3,37.7508299999447,-120.84541437553641,0.0
HERSHEY_LNODEXF4,37.750920434529704,-120.8453,0.0
HILMAR_LNODEDR1,37.4189785637285,-120.849304571346,0.0
HILMAR_LNODEDR2,37.4188603223578,-120.849075716434,0.0
HILMAR_LNODEDR4,37.4189333711687,-120.849077780203,0.0
HILMAR_LNODEDR5,37.4188652133943,-120.849148221032,0.0
HILMAR_LNODEDR7,37.4188555229834,-120.849223847561,0.0
HILMAR_LNODEDR8,37.418956,-120.848996,0.0
HILMAR_LNODER17,37.4189123657556,-120.849307362712,0.0
HUGHSON_LNODEDR1,37.5949433309328,-120.846755674049,0.0
HUGHSON_LNODEDR2,37.5949478453779,-120.846639431615,0.0
HUGHSON_LNODEDR3,37.5948895849844,-120.846669736494,0.0
HUGHSON_LNODEDR4,37.5949564824944,-120.846831604577,0.0
HUGHSON_LNODEDR5,37.594883530932,-120.846800432358,0.0
HUGHSON_LNODEDR8,37.5948895004896,-120.84669840193,0.0
HURLEY_LNODE12LD3,38.587283,-121.418244,0.0
HUR_LNODENE1,38.58818333333333,-121.418666944444,0.0
HUR_LNODENE2,38.58818333327699,-121.41855194404475,0.0
HUR_LNODENE3,38.58810548632912,-121.41860944430671,0.0
HUR_LNODENE4,38.58810548632912,-121.41872444458129,0.0
HUR_LNODENE5,38.58818333327699,-121.41878194484326,0.0
HUR_LNODENE7,38.58826118030932,-121.41872444470597,0.0
HUR_LNODENE8,38.58826118030932,-121.41860944418204,0.0
HWD_SUB_LNODEONA,34.088090251059334,-118.34689102435425,0.0
HWD_SUB_LNODEONB,34.0879097488445,-118.34689102458658,0.0
HWD_SUB_LNODEONC,34.0879097488445,-118.34710897541342,0.0
HWD_SUB_LNODEOND,34.088090251059334,-118.34710897564575,0.0
INDUSTRL_LNODEDR1,37.4786063003132,-120.866935168966,0.0
INDUSTRL_LNODEDR2,37.4784258031614,-120.866836967643,0.0
INDUSTRL_LNODEDR3,37.4784244272802,-120.866662034426,0.0
INDUSTRL_LNODEDR5,37.4785292936467,-120.866935824384,0.0
INDUSTRL_LNODEDR7,37.4784403782944,-120.866928290638,0.0
INDUSTRL_LNODEDR8,37.4784247171011,-120.866748607625,0.0
KIERNAN_LNODETUB,37.71047,-121.0139,0.0
KNA_LNODENA2,40.654722,-122.389167,0.0
LADDCM_LNODEARD,37.73258,-121.01392,0.0
LAGRANG_LNODEOAD,37.6697612035926,-120.443808701526,0.0
LAK_SM_LNODENE2,38.658077794318025,-121.13012359377534,0.0
LAK_SM_LNODENE3,38.65799999994368,-121.13006607656462,0.0
LAK_SM_LNODENE4,38.657922205653776,-121.13012359390028,0.0
LAK_SM_LNODENE6,38.657922205653776,-121.13023862832172,0.0
LAK_SM_LNODENE7,38.65799999994368,-121.13029614565738,0.0
LAK_SM_LNODENE8,38.658077794318025,-121.13023862844666,0.0
LAPHAM_LNODEQBZ,37.639494,-120.919982,0.0
LAPHAM_LNODEXBC,37.63949399994495,-120.91986779708742,0.0
LAWRENCE_LNODEENCE,37.397297356679005,-122.010126,0.0
LINCON_LNODECRZ,37.63940356621228,-120.91986779722644,0.0
LINCON_LNODEFCN,37.639339619957,-120.91994855081084,0.0
MARPOS_LNODEKSA,37.63932432741219,-120.92006110878681,0.0
MARPOS_LNODENOX,37.63935564925701,-120.92016824287315,0.0
MARSHALL_LNODEDR1,37.43587720766,-121.132527674588,0.0
MARSHALL_LNODEDR2,37.4358760484777,-121.13220043951,0.0
MARSHALL_LNODEDR3,37.4358798082574,-121.132682875263,0.0
MARSHALL_LNODEDR4,37.4358789493306,-121.132046059332,0.0
MARSHALL_LNODEDR5,37.4358787251639,-121.131895544498,0.0
MARSHALL_LNODER8C,37.435876146414,-121.132374308977,0.0
MCC_LNODEMCC,38.63008971070796,-121.51320976638306,0.0
MCY_LNODE101,38.563116666666666,-121.464371944444,0.0
MCY_LNODE102,38.563116666610455,-121.4642569555954,0.0
MCY_LNODE103,38.56302675430868,-121.46425695573926,0.0
MCY_LNODE104,38.562963176761876,-121.46433826506194,0.0
MCY_LNODE105,38.562947972391605,-121.46445159764659,0.0
MCY_LNODE106,38.5629791136348,-121.46455946901716,0.0
MCY_LNODE107,38.56304468834792,-121.46463814131086,0.0
MCY_LNODE108,38.56312966325024,-121.46467572198618,0.0
MEYERS_LNODE31,38.877195,-119.986125,0.0
MEYERS_LNODE32,38.87719499994345,-119.98600982501117,0.0
MEYERS_LNODE33,38.87710533707398,-119.986125,0.0
MEYERS_LNODE34,38.87719499994345,-119.98624017498884,0.0
MEYERS_LNODE35,38.87728466292607,-119.986125,0.0
MINNIER_LNODEJFF,37.71289,-120.93858,0.0
MKT_SUB_LNODEONA,34.0434902173762,-118.24599112234871,0.0
MKT_SUB_LNODEONB,34.04330978252786,-118.24599112258036,0.0
MKT_SUB_LNODEONC,34.04330978252786,-118.24620887741963,0.0
MKT_SUB_LNODEOND,34.0434902173762,-118.24620887765128,0.0
MONTPELR_LNODEDR3,37.5513950204046,-120.771210942368,0.0
MONTPELR_LNODEDR4,37.5513208784333,-120.77132554154,0.0
MONTPELR_LNODEDR5,37.5513203022304,-120.771217224249,0.0
MONTPELR_LNODEDR7,37.551320342333,-120.771557696814,0.0
MONTPELR_LNODEDR8,37.5513195014288,-120.771445581179,0.0
NAT_LNODENE1,38.65097779957077,-121.48672359559271,0.0
NAT_LNODENE2,38.65089999994365,-121.48666608019934,0.0
NAT_LNODENE3,38.650822200401045,-121.48672359571763,0.0
NAT_LNODENE4,38.650822200401045,-121.48683862650437,0.0
NAT_LNODENE5,38.65089999994365,-121.48689614202266,0.0
NAT_LNODENE6,38.65097779957077,-121.4868386266293,0.0
NEWELL_LNODEWELL,41.888139999984205,-121.37845028379793,0.0
NR_SUB_LNODEONA,34.22909034238915,-118.54339073176756,0.0
NR_SUB_LNODEONB,34.228909657513995,-118.54339073200198,0.0
NR_SUB_LNODEONC,34.228909657513995,-118.54360926799801,0.0
NR_SUB_LNODEOND,34.22909034238915,-118.54360926823244,0.0
OAKDAL_LNODEMTS,37.66746999998627,-120.95814287556452,0.0
OAKDAL_LNODENDN,37.66746999998627,-120.95825712443548,0.0
OLY_SUB_LNODEONA,34.03409021003063,-118.45989114327803,0.0
OLY_SUB_LNODEONB,34.03390978987338,-118.45989114350952,0.0
OLY_SUB_LNODEONC,34.03390978987338,-118.46010885649046,0.0
OLY_SUB_LNODEOND,34.03409021003063,-118.46010885672197,0.0
OREGON_LNODENK1,37.63168999998624,-120.9742429051075,0.0
OREGON_LNODENK2,37.63168999998624,-120.9743570948925,0.0
ORV_LNODENE1,38.68455,-121.267326944444,0.0
ORV_LNODENE2,38.68454999994364,-121.26721189591703,0.0
ORV_LNODENE3,38.68446019318104,-121.26721189606141,0.0
ORV_LNODENE4,38.68439669026182,-121.26729324758281,0.0
ORV_LNODENE5,38.68438150373832,-121.26740663898543,0.0
ORV_LNODENE6,38.6844126084275,-121.26751456633991,0.0
ORV_LNODENE7,38.6844781061685,-121.26759327946426,0.0
ORV_LNODENE8,38.68456298132683,-121.2676308796447,0.0
OVES_SUB_LNODEBKB,37.43792099998635,-118.55704491120122,0.0
OVES_SUB_LNODEBKC,36.443,-118.0438,0.0
OVES_SUB_LNODEBKD,37.342,-118.441,0.0
PANAMA_LNODECOUERCRK1,35.29548699213203,-119.02146768568419,0.0
PANAMA_LNODECOUERCRK2,35.29548699213203,-119.02158231431581,0.0
PARADS_LNODEFEG,37.69046956305469,-121.02049571463989,0.0
PARADS_LNODEKHB,37.6904056145667,-121.02057652662188,0.0
PGG_LNODESS1,38.531716666610464,-121.39934830807131,0.0
PGG_LNODESS2,38.531794557439916,-121.39929082076439,0.0
PIONEER_LNODEBUS,37.39756017328021,-120.7270641608972,0.0
PIONEER_LNODEDR1,37.39756017322573,-120.72695042442128,0.0
PIONEER_LNODEDR2,37.3974698163648,-120.7269504245584,0.0
PIONEER_LNODEDR3,37.3974059244655,-120.72703084832322,0.0
PIONEER_LNODEDR4,37.39739064492007,-120.72714294658331,0.0
PIONEER_LNODEDR5,37.39742194014138,-120.72724964310564,0.0
PIONEER_LNODEDR6,37.397487839085414,-120.72732745855615,0.0
PIONEER_LNODEDR7,37.39757323413797,-120.72736462991926,0.0
PIONEER_LNODEDR8,37.397663456054794,-120.72735841623376,0.0
PIONEER_LNODEDR9,37.39774610563929,-120.72731245188831,0.0
PIONEER_LNODER15,37.397811856418734,-120.72723443776906,0.0
PLANETRN_LNODEANET,34.16127269818337,-114.38177086876138,0.0
POC_LNODENE2,38.490383333333334,-121.470263055556,0.0
POC_LNODENE3,38.49038333327713,-121.4701480990094,0.0
POC_LNODENE4,38.490293355392375,-121.470263055556,0.0
POC_LNODENE7,38.49038333327713,-121.47037801210259,0.0
POC_LNODENE8,38.49047331127424,-121.470263055556,0.0
POUST_LNODEIGQ,37.6903903214879,-121.02068916599474,0.0
POUST_LNODELD2,37.69042164442615,-121.02079637755577,0.0
PP1_LNODEOAD,34.59026131985074,-118.4546210726575,0.0
PP1_PP2_LNODELMW,34.59026131985074,-118.4547309273425,0.0
PP2_LNODEAUX,34.53433699995089,-118.52522278142764,0.0
PP2_LNODEOAD,34.534427436468654,-118.525113,0.0
PRSCOT_LNODEAEJ,37.69048760173528,-121.02087456863451,0.0
PRSCOT_LNODETKD,37.69057307242136,-121.0209119194331,0.0
PTR_PP_LNODEROM,35.24801901925079,-118.1756473615291,0.0
REINWY_LNODEGME,37.63942160426353,-120.92024637744797,0.0
REINWY_LNODEQAC,37.6395070719657,-120.92028370125492,0.0
RESERVR_LNODEFFW,37.651919999986276,-120.67483288823061,0.0
RESERVR_LNODEPMW,37.651919999986276,-120.67494711176938,0.0
RIN_SUB_LNODEONA,34.28105422156671,-118.479,0.0
RIN_SUB_LNODEONB,34.28097288920359,-118.47894317065887,0.0
RIN_SUB_LNODEONC,34.28097288920359,-118.47905682934115,0.0
RIOHONDO_LNODEONDO,34.1060249207417,-117.97952664559254,0.0
ROEDING_LNODEDR1,37.587341764588,-120.935901626126,0.0
ROEDING_LNODEDR2,37.5872777703549,-120.935976143427,0.0
ROEDING_LNODEDR3,37.5871231822836,-120.935612409,0.0
ROEDING_LNODEDR5,37.5870085148256,-120.935981028585,0.0
ROEDING_LNODEDR6,37.5871259671814,-120.935792411292,0.0
ROEDING_LNODEDR7,37.5871257817397,-120.935692486018,0.0
ROGERS_LNODEDR1,37.4749114287345,-121.178218328626,0.0
ROGERS_LNODEDR2,37.4751811958932,-121.178206809282,0.0
ROGERS_LNODEDR3,37.4750639771164,-121.17821700138,0.0
ROGERS_LNODEDR5,37.4748414013345,-121.178225065561,0.0
ROGERS_LNODEDR7,37.4749721097043,-121.178220428168,0.0
ROSELE_LNODEHMV,37.68013999998623,-120.94014286544196,0.0
ROSELE_LNODERLV,37.68013999998623,-120.94025713455804,0.0
RSM_SUB_LNODEONB,34.244054210355124,-118.392,0.0
RSM_SUB_LNODEONC,34.24397289480934,-118.39194320739797,0.0
RSM_SUB_LNODEOND,34.24397289480934,-118.39205679260202,0.0
SANTAFE_LNODEPLNT,38.77997308074166,-122.67005981025191,0.0
SCA_GS_LNODE1AUX,33.91807886040714,-118.42789938920775,0.0
SCA_GS_LNODE2AUX,33.91816402577284,-118.42793487934084,0.0
SCA_GS_LNODE4AUX,33.91825400500674,-118.42792894664778,0.0
SCA_GS_LNODE5AUX,33.91833643226557,-118.42788506116258,0.0
SCA_GS_LNODE6AUX,33.91840200617013,-118.42781057548723,0.0
SCA_GS_LNODE7AUX,33.91844466871178,-118.42771492357166,0.0
SCA_LA_LNODE3SS,33.91846141326686,-118.42760822199088,0.0
SCA_SUB_LNODEONA,33.918451884282646,-118.42750023805854,0.0
SCA_SUB_LNODEONB,33.91841787609632,-118.42739967533626,0.0
SCY_LNODE102,38.508556628165735,-121.46418309094265,0.0
SCY_LNODE103,38.50837670505527,-121.4641830912299,0.0
SCY_LNODE105,38.50837670505527,-121.4644130198821,0.0
SCY_LNODE106,38.508556628165735,-121.46441302016935,0.0
SNROSA_LNODEMEA,37.5099999999863,-121.22994301594794,0.0
SNROSA_LNODEYWX,37.5099999999863,-121.23005698405206,0.0
SOUTH_LNODE108,40.39538221,-121.8791458,0.0
SOUTH_LNODE204,40.39538220993951,-121.87902727370097,0.0
SOUTH_LNODEC542,40.39529194143137,-121.87902727385986,0.0
SOUTH_LNODEC544,40.39522811201244,-121.87911108453021,0.0
SOUTH_LNODEC546,40.39521284740522,-121.87922790359386,0.0
SOUTH_LNODEC547,40.39524411201219,-121.8793390934442,0.0
SOUTH_LNODEC548,40.39530994650243,-121.87942018597366,0.0
SOUTH_LNODEC549,40.395395258043976,-121.87945892278287,0.0
SOUTH_LNODEC550,40.3954853917418,-121.8794524474595,0.0
SOUTH_LNODEC552,40.39556796052161,-121.87940454742642,0.0
SQAWVLY_LNODE01,39.20568653401713,-120.20123845453338,0.0
SQAWVLY_LNODE81,39.20550746586879,-120.20123845482796,0.0
SQAWVLY_LNODE82,39.20550746586879,-120.20146954517205,0.0
SQAWVLY_LNODE83,39.20568653401713,-120.20146954546662,0.0
STATELN_LNODE01,38.95238461856907,-119.94181675988908,0.0
STATELN_LNODE22,38.952205381317675,-119.94181676018052,0.0
STATELN_LNODE23,38.952205381317675,-119.94204723981947,0.0
STATELN_LNODELY,38.95238461856907,-119.94204724011091,0.0
STB_LNODE201,38.57233333333333,-121.483291944444,0.0
STB_LNODE202,38.57233333327705,-121.48317695138249,0.0
STB_LNODE203,38.57224342921349,-121.48317695152639,0.0
STB_LNODE204,38.57217985749196,-121.48325826382802,0.0
STB_LNODE205,38.572164654514715,-121.48337160056485,0.0
STB_LNODE206,38.57219579290459,-121.48347947588752,0.0
STB_LNODE207,38.5722613616095,-121.48355815106362,0.0
STB_LNODE208,38.57234632872595,-121.48359573311588,0.0
STB_LNODE209,38.57243609852223,-121.48358945079376,0.0
STB_LNODE210,38.57251833393617,-121.48354297863219,0.0
STB_LNODE211,38.572583755229644,-121.4834641025941,0.0
STB_LNODE212,38.57262631848412,-121.48336281268834,0.0
STDDRD_LNODECEA,37.704079999986206,-121.06864284680097,0.0
STDDRD_LNODEWZO,37.704079999986206,-121.06875715319903,0.0
STD_LNODENE1,38.57225,-121.500568888889,0.0
STD_LNODENE2,38.572249999943736,-121.50045389586575,0.0
STD_LNODENE4,38.57217214071853,-121.50051139243968,0.0
STD_LNODENE5,38.57217214071853,-121.50062638533832,0.0
STD_LNODENE6,38.572249999943736,-121.50068388191225,0.0
STD_LNODENE7,38.57232785925329,-121.50062638546294,0.0
STD_LNODENE8,38.57232785925329,-121.50051139231506,0.0
STE_SM_LNODE301,38.58631666666667,-121.472838888889,0.0
STE_SM_LNODE302,38.586316666610415,-121.47272388936047,0.0
STE_SM_LNODE303,38.58622677499287,-121.47272388950444,0.0
STE_SM_LNODE304,38.58616321207191,-121.47280520637891,0.0
STE_SM_LNODE305,38.58614801119931,-121.4729185494895,0.0
STE_SM_LNODE306,38.58617914527848,-121.47302643087885,0.0
STE_SM_LNODE307,38.58624470490619,-121.47310511047952,0.0
STE_SM_LNODE308,38.586329660260105,-121.47314269464546,0.0
STE_SM_LNODE309,38.58641941762905,-121.47313641197016,0.0
STJ_SUB_LNODEONB,34.067054141297895,-118.226,0.0
STJ_SUB_LNODEONC,34.06697292933807,-118.22594339850212,0.0
STJ_SUB_LNODEOND,34.06697292933807,-118.22605660149787,0.0
STOCKM_LNODEVZF,37.62761110994497,-120.9752808828705,0.0
STOCKM_LNODEXFA,37.62770154232185,-120.9751667,0.0
STURLOCK_LNODEDR3,37.4835881458663,-120.846727672541,0.0
STURLOCK_LNODEDR4,37.4835360336794,-120.846797393384,0.0
STURLOCK_LNODEDR7,37.4834830942642,-120.846867453726,0.0
STURLOCK_LNODER13,37.483522165007,-120.846657059231,0.0
TAHOCTY_LNODE01,39.165971540038264,-120.14445351203682,0.0
TAHOCTY_LNODE71,39.16579245984778,-120.14445351233086,0.0
TAHOCTY_LNODE72,39.16579245984778,-120.14468448766914,0.0
TAHOCTY_LNODE73,39.165971540038264,-120.14468448796318,0.0
TAR_SUB_LNODEONA,34.17905418777958,-118.544,0.0
TAR_SUB_LNODEONB,34.1789729060972,-118.54394327481864,0.0
TAR_SUB_LNODEONC,34.1789729060972,-118.54405672518136,0.0
TAYLOR_LNODEDR1,37.5369331958297,-120.809398426319,0.0
TAYLOR_LNODEDR5,37.5369383829719,-120.809348192848,0.0
TAYLOR_LNODEDR7,37.536937531095,-120.809217269976,0.0
TAYLOR_LNODEDR8,37.5369366699963,-120.809289591436,0.0
TOL_SUB_LNODEONA,34.175740310821865,-118.36069083905292,0.0
TOL_SUB_LNODEONB,34.1755596890815,-118.36069083928658,0.0
TOL_SUB_LNODEONC,34.1755596890815,-118.36090916071342,0.0
TOL_SUB_LNODEOND,34.175740310821865,-118.36090916094707,0.0
TRUCKEE_LNODE02,39.33035113989209,-120.18113485420918,0.0
TRUCKEE_LNODE03,39.33035113989209,-120.18125514579083,0.0
UCD_LNODEUCD,38.5504,-121.449568888889,0.0
VAL_GS_LNODE5AUX,34.24482148241572,-118.3914027121072,0.0
VAL_GS_LNODE6AUX,34.24485277566131,-118.39150524618782,0.0
VAL_GS_LNODE7AUX,34.24491867043375,-118.39158002588233,0.0
VAL_GS_LNODE8AUX,34.245004060069334,-118.391615747079,0.0
VAL_LNODELSS,34.24509427625119,-118.39160977576542,0.0
VEL_SUB_LNODEONA,34.01555411723447,-118.204,0.0
VEL_SUB_LNODEONB,34.01547294136984,-118.20394345800285,0.0
VEL_SUB_LNODEONC,34.01547294136984,-118.20405654199715,0.0
VN_SUB_LNODEONA,34.18009031354033,-118.44489083013903,0.0
VN_SUB_LNODEONB,34.17990968636295,-118.44489083037274,0.0
VN_SUB_LNODEONC,34.17990968636295,-118.44510916962726,0.0
VN_SUB_LNODEOND,34.18009031354033,-118.44510916986097,0.0
WASHNGT_LNODEDR1,37.4893772928244,-120.903967825898,0.0
WASHNGT_LNODEDR2,37.4895172164325,-120.904092990936,0.0
WASHNGT_LNODEDR3,37.4894692627508,-120.903968029781,0.0
WASHNGT_LNODEDR4,37.489297130992,-120.993988447763,0.0
WASHNGT_LNODEDR5,37.4894207521695,-120.904091725093,0.0
WASHNGT_LNODEDR6,37.4892474344412,-120.904090188054,0.0
WASHNGT_LNODEDR7,37.4892029595549,-120.903964429204,0.0
WASHNGT_LNODER15,37.4893341220127,-120.90409199878,0.0
WEC_SY_LNODEUX1,37.4878752249074,-120.89565231921667,0.0
WEC_SY_LNODEUX2,37.4878752249074,-120.89576624369113,0.0
WELFLDPM_LNODELPMP,34.16127269818337,-114.38198913123861,0.0
WELFLDPM_LNODERALS,34.16145330172,-114.38198913147205,0.0
WESTPORT_LNODEDR1,37.5225825838401,-120.993998352649,0.0
WESTPORT_LNODEDR3,37.5223769944682,-120.993990429526,0.0
WESTPORT_LNODEDR5,37.5225172095941,-120.993995815213,0.0
WESTPORT_LNODEDR7,37.5224455031416,-120.903973009416,0.0
WIL_SUB_LNODEONB,33.797999999988214,-118.25794584458627,0.0
WIL_SUB_LNODEONC,33.797999999988214,-118.25805415541372,0.0
